11 0.7167222222222221 0.8812607260726072 0.24898148148148147 0.14906930693069306
11 0.41330555555555554 0.8913861386138614 0.1776759259259259 0.12949834983498348
11 0.6249444444444445 0.6433927392739274 0.164 0.16617821782178216
112 0.31366666666666665 0.6408844884488449 0.17712962962962964 0.16485148514851486
112 0.16710185185185186 0.8918547854785479 0.22502777777777777 0.12734653465346535
11 0.6070277777777778 0.3387326732673267 0.25546296296296295 0.2694653465346535
112 0.35725 0.33529372937293733 0.28778703703703706 0.26854785478547855
43 0.44480555555555557 0.667016501650165 0.09282407407407407 0.06598679867986798
43 0.7725740740740741 0.6576897689768977 0.07287962962962963 0.08633003300330032
95 0.7498425925925927 0.4048514851485149 0.0717037037037037 0.07796699669966997
43 0.5316481481481481 0.6574917491749175 0.060111111111111115 0.0601980198019802
95 0.8646666666666667 0.6553993399339934 0.07600925925925926 0.06153135313531353