11 0.28327777777777785 0.8812607260726072 0.24898148148148147 0.14906930693069317
11 0.5866944444444444 0.8913861386138614 0.17767592592592601 0.12949834983498354
11 0.37505555555555553 0.6433927392739274 0.164 0.1661782178217821
112 0.6863333333333334 0.6408844884488449 0.17712962962962958 0.16485148514851486
112 0.8328981481481481 0.8918547854785479 0.22502777777777774 0.12734653465346524
11 0.39297222222222217 0.3387326732673267 0.2554629629629629 0.2694653465346535
112 0.64275 0.33529372937293733 0.287787037037037 0.26854785478547855
43 0.5551944444444444 0.667016501650165 0.09282407407407407 0.06598679867986793
43 0.22742592592592592 0.6576897689768978 0.07287962962962964 0.08633003300330037
95 0.2501574074074074 0.4048514851485149 0.07170370370370373 0.07796699669967004
43 0.4683518518518519 0.6574917491749175 0.06011111111111113 0.06019801980198023
95 0.1353333333333333 0.6553993399339934 0.07600925925925928 0.06153135313531355