98 0.7556759259259259 0.17590099009900992 0.29634259259259255 0.1896303630363036
10 0.4834166666666667 0.17749834983498353 0.18522222222222218 0.14429702970297031
35 0.15116666666666667 0.0928976897689769 0.14395370370370372 0.10024422442244224
98 0.8017685185185185 0.3933069306930693 0.23471296296296298 0.19282508250825078
10 0.5125277777777778 0.4284224422442244 0.28284259259259265 0.12131353135313529
35 0.19326851851851853 0.36968316831683173 0.2263518518518519 0.15451485148514849
98 0.800425925925926 0.6381716171617161 0.2320277777777777 0.1679207920792079
10 0.5129814814814815 0.6649834983498351 0.3052314814814815 0.11429042904290435
35 0.19147222222222218 0.6008184818481849 0.2263425925925926 0.15451485148514854
98 0.7645925925925926 0.8616369636963697 0.35741666666666666 0.21772277227722767
10 0.4825277777777778 0.8996303630363036 0.17626851851851857 0.11237623762376238
35 0.19281481481481483 0.8341848184818481 0.2254537037037037 0.15515511551155112