17 0.7573425925925926 0.4119075907590759 0.25945370370370374 0.14687128712871286
64 0.4891944444444445 0.4268976897689769 0.1639444444444444 0.14656105610561054
64 0.34247222222222223 0.8704224422442245 0.12627777777777777 0.15566996699669977
73 0.23724074074074078 0.4296105610561056 0.19264814814814812 0.12940594059405938
73 0.20456481481481475 0.876138613861386 0.18701851851851853 0.1432541254125414
17 0.6920277777777778 0.6382640264026402 0.22461111111111104 0.15266006600660073
17 0.7259166666666667 0.8591287128712871 0.20345370370370372 0.15303630363036297
17 0.20355555555555557 0.13960396039603962 0.16917592592592595 0.1426996699669967
73 0.4949814814814815 0.1374257425742574 0.11417592592592588 0.13364356435643565
73 0.34526851851851853 0.6254191419141915 0.14854629629629634 0.10325412541254123
64 0.2433148148148148 0.6401716171617162 0.14615740740740743 0.11320132013201327
64 0.6913703703703704 0.18266006600660067 0.17725000000000005 0.14749834983498353