98 0.24432407407407408 0.17590099009900992 0.2963425925925926 0.18963036303630365
10 0.5165833333333333 0.17749834983498353 0.1852222222222222 0.14429702970297031
35 0.8488333333333333 0.0928976897689769 0.1439537037037037 0.10024422442244224
98 0.19823148148148148 0.3933069306930693 0.23471296296296298 0.1928250825082508
10 0.48747222222222225 0.4284224422442244 0.28284259259259265 0.12131353135313531
35 0.8067314814814814 0.36968316831683173 0.22635185185185186 0.1545148514851485
98 0.19957407407407407 0.6381716171617162 0.23202777777777778 0.16792079207920793
10 0.4870185185185185 0.6649834983498351 0.30523148148148144 0.11429042904290429
35 0.8085277777777778 0.6008184818481849 0.2263425925925926 0.1545148514851485
98 0.23540740740740743 0.8616369636963697 0.35741666666666666 0.21772277227722775
10 0.5174722222222222 0.8996303630363036 0.17626851851851852 0.11237623762376238
35 0.8071851851851852 0.8341848184818481 0.2254537037037037 0.15515511551155114