112 0.6218240740740741 0.3967128712871287 0.16902777777777778 0.17205940594059407
11 0.3547592592592593 0.39354455445544556 0.1789351851851852 0.17391419141914194
112 0.36291666666666667 0.15724092409240925 0.17644444444444446 0.17182178217821784
112 0.837324074074074 0.6536105610561056 0.1706574074074074 0.13491749174917492
11 0.5821944444444445 0.16172937293729372 0.187 0.17059405940594058
11 0.17130555555555554 0.6516369636963697 0.17791666666666667 0.13902970297029701
112 0.6665740740740741 0.8739999999999999 0.14837962962962964 0.14475247524752477
11 0.6229722222222221 0.6519339933993399 0.20228703703703704 0.13856765676567656
11 0.3794074074074074 0.8675379537953795 0.19942592592592592 0.17367656765676567
112 0.38716666666666666 0.6527788778877888 0.2603148148148148 0.13646204620462046
39 0.8635833333333333 0.13586138613861387 0.08926851851851851 0.06930693069306931