17 0.2426574074074074 0.4119075907590759 0.2594537037037037 0.14687128712871286
64 0.5108055555555555 0.4268976897689769 0.16394444444444445 0.14656105610561054
64 0.6575277777777778 0.8704224422442245 0.12627777777777777 0.15566996699669966
73 0.7627592592592592 0.4296105610561056 0.19264814814814815 0.1294059405940594
73 0.7954351851851852 0.876138613861386 0.1870185185185185 0.14325412541254126
17 0.30797222222222226 0.6382640264026402 0.22461111111111112 0.15266006600660065
17 0.27408333333333335 0.8591287128712871 0.2034537037037037 0.15303630363036302
17 0.7964444444444444 0.13960396039603962 0.16917592592592592 0.1426996699669967
73 0.5050185185185185 0.1374257425742574 0.11417592592592593 0.13364356435643565
73 0.6547314814814815 0.6254191419141915 0.14854629629629632 0.10325412541254125
64 0.7566851851851852 0.6401716171617162 0.1461574074074074 0.1132013201320132
64 0.30862962962962964 0.18266006600660067 0.17725000000000002 0.1474983498349835