10 0.8321666666666667 0.4201386138613861 0.23100925925925928 0.13842244224422443
10 0.6886851851851852 0.6324092409240925 0.17525000000000002 0.16421782178217822
10 0.39563888888888893 0.4135577557755775 0.16571296296296295 0.14886468646864687
10 0.6365555555555555 0.17678547854785479 0.1978888888888889 0.16622442244224422
9 0.34551851851851856 0.6425412541254125 0.1491111111111111 0.1633927392739274
9 0.6220833333333333 0.42402640264026403 0.13680555555555557 0.1317029702970297
9 0.21307407407407408 0.41852805280528055 0.1569537037037037 0.14146534653465345
10 0.4119537037037037 0.8956369636963697 0.15107407407407408 0.11973597359735974
9 0.22307407407407406 0.8985940594059405 0.18526851851851853 0.11193399339933995
9 0.3082685185185185 0.18803300330033004 0.20997222222222223 0.12896369636963695
10 0.8248518518518518 0.8948118811881188 0.15116666666666667 0.12247524752475249
9 0.6365740740740741 0.8975181518151816 0.14884259259259258 0.11834983498349835