64 0.23960185185185184 0.1707986798679868 0.1869444444444444 0.1679009900990099
64 0.1676666666666667 0.4138415841584159 0.14277777777777778 0.14222442244224423
64 0.21062962962962964 0.641940594059406 0.14062037037037037 0.15567656765676563
9 0.8375648148148147 0.15357095709570956 0.15835185185185183 0.09795379537953798
9 0.7683796296296297 0.4121386138613861 0.15124074074074068 0.15203300330033
9 0.4423055555555556 0.6413597359735974 0.13481481481481478 0.15450825082508254
73 0.5390648148148148 0.1297095709570957 0.13786111111111105 0.07966996699669968
73 0.5008796296296296 0.41193399339933995 0.20569444444444449 0.15365016501650164
73 0.6983888888888888 0.6387458745874588 0.20242592592592581 0.1462442244224422
73 0.7576759259259259 0.8688910891089108 0.1477962962962962 0.1642970297029702
73 0.34254629629629635 0.8728250825082507 0.1496203703703704 0.15418481848184828