9 0.1877685185185185 0.7896765676567656 0.17701851851851852 0.22130693069306928
17 0.746712962962963 0.1825214521452145 0.1485277777777778 0.15831683168316832
73 0.18989814814814815 0.4381584158415841 0.2256111111111111 0.1285940594059406
73 0.5259537037037036 0.18365016501650167 0.1622685185185185 0.15154455445544554
64 0.6241296296296296 0.428976897689769 0.1670462962962963 0.11903630363036304
17 0.4197777777777778 0.42897029702970296 0.18134259259259258 0.11945214521452145
64 0.3206388888888889 0.17436303630363037 0.19386111111111112 0.1526204620462046
17 0.8190740740740741 0.8131947194719472 0.1844722222222222 0.20013861386138612
73 0.8282962962962962 0.43328712871287123 0.15938888888888889 0.11074587458745874
73 0.6831481481481481 0.7447788778877887 0.10608333333333332 0.1376765676567657
64 0.5460648148148148 0.7066204620462047 0.11440740740740742 0.08762376237623762
10 0.32864814814814813 0.7904224422442244 0.17628703703703702 0.2108778877887789