10 0.37699074074074074 0.6476303630363036 0.14392592592592598 0.16329372937293735
10 0.44312962962962965 0.17819141914191416 0.19600000000000006 0.1544092409240924
10 0.20563888888888893 0.4140792079207921 0.11768518518518521 0.1586600660066007
9 0.7162777777777777 0.1735841584158416 0.20892592592592582 0.15514191419141912
9 0.37158333333333327 0.41425082508250827 0.1284722222222222 0.14590099009900986
9 0.7007407407407407 0.6471617161716172 0.17735185185185182 0.15488448844884495
10 0.8029074074074074 0.8875049504950495 0.19703703703703698 0.13141254125412552
10 0.6248333333333332 0.42526072607260723 0.22442592592592603 0.13551155115511548
9 0.8296018518518519 0.42656105610561057 0.1735925925925926 0.12293069306930694
10 0.27526851851851847 0.8576171617161716 0.10937962962962963 0.1260132013201319
73 0.46186111111111106 0.8619273927392739 0.11000925925925921 0.10441584158415845
74 0.5479259259259259 0.8892013201320133 0.093675925925926 0.06223762376237622