10 0.6230092592592593 0.6476303630363036 0.14392592592592593 0.1632937293729373
10 0.5568703703703703 0.17819141914191416 0.196 0.15440924092409242
10 0.7943611111111111 0.4140792079207921 0.11768518518518518 0.15866006600660065
9 0.28372222222222226 0.1735841584158416 0.2089259259259259 0.15514191419141915
9 0.6284166666666667 0.41425082508250827 0.1284722222222222 0.1459009900990099
9 0.2992592592592592 0.6471617161716172 0.17735185185185184 0.1548844884488449
10 0.1970925925925926 0.8875049504950495 0.19703703703703704 0.1314125412541254
10 0.37516666666666665 0.42526072607260723 0.22442592592592592 0.1355115511551155
9 0.17039814814814816 0.42656105610561057 0.17359259259259258 0.12293069306930694
10 0.7247314814814815 0.8576171617161716 0.10937962962962963 0.12601320132013202
73 0.5381388888888889 0.8619273927392739 0.11000925925925926 0.10441584158415841
74 0.4520740740740741 0.8892013201320133 0.09367592592592593 0.062237623762376244