64 0.7603981481481482 0.1707986798679868 0.18694444444444444 0.1679009900990099
64 0.8323333333333333 0.4138415841584159 0.14277777777777775 0.14222442244224423
64 0.7893703703703704 0.641940594059406 0.14062037037037037 0.15567656765676569
9 0.16243518518518518 0.15357095709570956 0.15835185185185185 0.09795379537953795
9 0.23162037037037037 0.4121386138613861 0.15124074074074073 0.15203300330033004
9 0.5576944444444444 0.6413597359735973 0.1348148148148148 0.15450825082508252
73 0.46093518518518517 0.1297095709570957 0.1378611111111111 0.07966996699669968
73 0.4991203703703703 0.41193399339933995 0.20569444444444446 0.15365016501650164
73 0.3016111111111111 0.6387458745874588 0.20242592592592593 0.14624422442244225
73 0.24232407407407405 0.8688910891089108 0.1477962962962963 0.1642970297029703
73 0.6574537037037037 0.8728250825082507 0.14962037037037038 0.15418481848184817