73 0.7423240740740741 0.18141914191419142 0.1757777777777777 0.15973597359735975
73 0.31693518518518515 0.18065346534653465 0.16756481481481483 0.15314191419141915
73 0.49807407407407406 0.40343894389438945 0.18424074074074076 0.14782178217821784
73 0.5623055555555555 0.6382046204620462 0.16119444444444436 0.15937953795379534
105 0.8023148148148148 0.6412541254125412 0.16408333333333336 0.14312871287128714
43 0.7768518518518519 0.3970891089108911 0.12384259259259259 0.08434983498349832
95 0.6005833333333334 0.4003828382838284 0.07039814814814813 0.06404620462046202
43 0.31847222222222227 0.38852145214521455 0.0918888888888889 0.09260726072607257
106 0.1738055555555556 0.38864686468646864 0.1084074074074074 0.09996699669966999
106 0.16125925925925924 0.6367920792079208 0.13778703703703704 0.12660066006600665
43 0.5642685185185186 0.8725148514851484 0.26125000000000004 0.1304092409240925