9 0.5625555555555555 0.39077887788778876 0.15582407407407403 0.16101650165016504
73 0.24383333333333337 0.17413201320132013 0.14949074074074076 0.14723432343234324
73 0.4194166666666667 0.8695181518151814 0.14406481481481478 0.16233003300330023
73 0.37394444444444447 0.38901650165016505 0.17923148148148144 0.15540594059405943
9 0.6582407407407407 0.8626402640264027 0.14287962962962958 0.17519471947194723
17 0.7659444444444444 0.16926072607260725 0.14045370370370375 0.15547854785478551
10 0.8184166666666667 0.8632145214521452 0.16937962962962969 0.17475247524752474
64 0.2341759259259259 0.8688448844884488 0.14805555555555552 0.16088448844884504
10 0.7509814814814815 0.395082508250825 0.1727037037037037 0.16591419141914196
9 0.6056851851851852 0.1635907590759076 0.15273148148148152 0.1535643564356436
10 0.4517037037037037 0.1685940594059406 0.1793703703703704 0.1472805280528053
64 0.18808333333333332 0.3886996699669967 0.1425277777777778 0.15161056105610565
17 0.24875925925925924 0.6282442244224422 0.15421296296296294 0.16372937293729378
64 0.5963981481481482 0.6269768976897689 0.19463888888888892 0.1553399339933993
73 0.7345648148148147 0.6188976897689769 0.18628703703703708 0.16681188118811882