9 0.43744444444444447 0.39077887788778876 0.15582407407407406 0.161016501650165
73 0.7561666666666667 0.17413201320132013 0.14949074074074073 0.14723432343234324
73 0.5805833333333333 0.8695181518151814 0.1440648148148148 0.16233003300330034
73 0.6260555555555556 0.38901650165016505 0.17923148148148146 0.1554059405940594
9 0.34175925925925926 0.8626402640264027 0.14287962962962963 0.1751947194719472
17 0.23405555555555554 0.16926072607260725 0.1404537037037037 0.1554785478547855
10 0.18158333333333335 0.8632145214521452 0.16937962962962963 0.17475247524752474
64 0.7658240740740742 0.8688448844884488 0.14805555555555555 0.1608844884488449
10 0.24901851851851853 0.395082508250825 0.17270370370370372 0.16591419141914193
9 0.39431481481481484 0.1635907590759076 0.15273148148148147 0.15356435643564356
10 0.5482962962962963 0.16859405940594058 0.17937037037037037 0.14728052805280528
64 0.8119166666666666 0.3886996699669967 0.14252777777777778 0.1516105610561056
17 0.7512407407407408 0.6282442244224422 0.15421296296296297 0.16372937293729373
64 0.4036018518518518 0.6269768976897689 0.1946388888888889 0.15533993399339935
73 0.2654351851851852 0.6188976897689769 0.18628703703703703 0.16681188118811882