73 0.2576759259259259 0.18141914191419142 0.17577777777777778 0.15973597359735975
73 0.6830648148148148 0.18065346534653465 0.1675648148148148 0.15314191419141915
73 0.501925925925926 0.40343894389438945 0.18424074074074073 0.14782178217821781
73 0.43769444444444444 0.6382046204620462 0.16119444444444445 0.1593795379537954
105 0.19768518518518519 0.6412541254125412 0.16408333333333333 0.14312871287128714
43 0.22314814814814815 0.3970891089108911 0.12384259259259259 0.08434983498349835
95 0.3994166666666667 0.4003828382838284 0.07039814814814815 0.06404620462046205
43 0.6815277777777777 0.38852145214521455 0.09188888888888888 0.09260726072607262
106 0.8261944444444445 0.38864686468646864 0.10840740740740741 0.09996699669966996
106 0.8387407407407408 0.6367920792079208 0.13778703703703704 0.12660066006600662
43 0.43573148148148144 0.8725148514851484 0.26125 0.1304092409240924