64 0.6647222222222222 0.8585478547854786 0.11536111111111104 0.12270627062706277
9 0.4009259259259259 0.8736171617161717 0.1554444444444445 0.1458019801980197
10 0.22385185185185183 0.869056105610561 0.17950000000000002 0.16333333333333322
10 0.609675925925926 0.35206600660066006 0.24357407407407403 0.21235643564356438
64 0.7248148148148148 0.14842244224422443 0.13546296296296292 0.10683168316831684
73 0.8573888888888889 0.14714851485148514 0.12073148148148137 0.11793399339933991
9 0.8100740740740741 0.3633861386138614 0.19187037037037039 0.22064026402640263
73 0.7746388888888889 0.6420792079207921 0.16084259259259262 0.13129372937293726
64 0.6383981481481482 0.644976897689769 0.15234259259259256 0.1254719471947194
9 0.3778333333333333 0.6548448844884488 0.15864814814814818 0.1359339933993399
73 0.8126018518518519 0.8682838283828384 0.16729629629629636 0.12121452145214513
10 0.1889814814814815 0.632983498349835 0.22560185185185183 0.1797425742574257