64 0.3352777777777778 0.8585478547854786 0.11536111111111111 0.12270627062706271
9 0.5990740740740741 0.8736171617161717 0.15544444444444444 0.1458019801980198
10 0.7761481481481481 0.869056105610561 0.17950000000000002 0.16333333333333333
10 0.3903240740740741 0.35206600660066006 0.24357407407407408 0.21235643564356438
64 0.2751851851851852 0.14842244224422443 0.13546296296296298 0.10683168316831683
73 0.14261111111111113 0.14714851485148514 0.12073148148148147 0.11793399339933992
9 0.18992592592592594 0.3633861386138614 0.19187037037037036 0.22064026402640263
73 0.2253611111111111 0.6420792079207921 0.1608425925925926 0.1312937293729373
64 0.36160185185185184 0.644976897689769 0.15234259259259259 0.12547194719471946
9 0.6221666666666668 0.6548448844884489 0.15864814814814815 0.13593399339933993
73 0.18739814814814815 0.8682838283828384 0.1672962962962963 0.1212145214521452
10 0.8110185185185185 0.632983498349835 0.22560185185185186 0.17974257425742574