9 0.2553333333333333 0.8768712871287129 0.14803703703703702 0.15452145214521446
9 0.6514537037037036 0.39856765676567657 0.15902777777777777 0.16264026402640266
64 0.6660277777777778 0.1686006600660066 0.20053703703703696 0.18104290429042902
73 0.6336759259259259 0.8755907590759076 0.15329629629629624 0.13968976897689775
10 0.7972592592592592 0.40312871287128715 0.17379629629629634 0.16327392739273933
9 0.7311574074074074 0.624976897689769 0.159537037037037 0.15087128712871284
64 0.4316851851851852 0.8743696369636964 0.20098148148148143 0.15239603960396048
10 0.8242222222222222 0.8850693069306932 0.16811111111111107 0.1401386138613861
10 0.5693611111111112 0.6444356435643566 0.16676851851851865 0.14163696369636966
64 0.25732407407407404 0.17283168316831682 0.26895370370370375 0.1732013201320132
73 0.26623148148148146 0.3814389438943894 0.13343518518518518 0.12983498349834988
73 0.3085092592592593 0.5786006600660066 0.10095370370370368 0.06863366336633664
64 0.22739814814814818 0.5872409240924092 0.10087962962962964 0.06252805280528054
17 0.141 0.390990099009901 0.12773148148148147 0.13600660066006598
17 0.1511388888888889 0.6390363036303629 0.08530555555555555 0.09570957095709563
39 0.39040740740740737 0.12833003300330031 0.14590740740740746 0.08163036303630364
39 0.4532777777777777 0.40320792079207923 0.11699074074074071 0.05375577557755779
39 0.8527777777777777 0.6565412541254126 0.09854629629629635 0.06392739273927395
64 0.20638888888888887 0.38923432343234327 0.09534259259259262 0.12060726072607263