105 0.1862777777777778 0.16586798679867987 0.18003703703703702 0.1872211221122112
105 0.17273148148148149 0.38686468646864686 0.13273148148148148 0.18841584158415842
105 0.18712037037037038 0.6348646864686469 0.1396388888888889 0.17041584158415843
105 0.19155555555555556 0.8511881188118812 0.19394444444444445 0.19501650165016501
57 0.36058333333333337 0.16436963696369639 0.23716666666666666 0.1787194719471947
57 0.29170370370370374 0.38914191419141914 0.12596296296296294 0.19021782178217822
57 0.32389814814814816 0.6288646864686469 0.12361111111111112 0.1824158415841584
57 0.30827777777777776 0.8550825082508251 0.1786574074074074 0.1872211221122112
73 0.6039537037037037 0.19141914191419143 0.11990740740740741 0.15481848184818484
73 0.47764814814814816 0.4188448844884488 0.13116666666666665 0.15481848184818484
73 0.5309074074074074 0.6638943894389439 0.1437037037037037 0.11281188118811881
73 0.5587037037037037 0.8880858085808581 0.19762962962962963 0.162013201320132
106 0.8070648148148148 0.17719471947194718 0.18325925925925926 0.17846864686468647
106 0.7051574074074074 0.41073927392739273 0.1454074074074074 0.17701650165016503
43 0.8684444444444444 0.408039603960396 0.13021296296296295 0.17281848184818482
106 0.720212962962963 0.6468646864686468 0.15867592592592594 0.1464158415841584
43 0.8555 0.6537887788778878 0.13471296296296298 0.13266006600660066
106 0.7427407407407407 0.8704884488448844 0.1919537037037037 0.178026402640264
43 0.8758333333333334 0.876085808580858 0.09418518518518518 0.1752145214521452