105 0.8137222222222221 0.1658679867986799 0.18003703703703708 0.1872211221122112
105 0.8272685185185186 0.38686468646864686 0.1327314814814814 0.18841584158415844
105 0.8128796296296296 0.6348646864686469 0.13963888888888884 0.17041584158415846
105 0.8084444444444444 0.8511881188118812 0.19394444444444447 0.1950165016501649
57 0.6394166666666666 0.16436963696369636 0.23716666666666655 0.1787194719471947
57 0.7082962962962963 0.38914191419141914 0.12596296296296292 0.19021782178217825
57 0.6761018518518519 0.6288646864686469 0.12361111111111112 0.1824158415841585
57 0.6917222222222221 0.8550825082508251 0.17865740740740746 0.18722112211221115
73 0.39604629629629634 0.19141914191419143 0.11990740740740741 0.1548184818481848
73 0.5223518518518518 0.4188448844884488 0.13116666666666668 0.15481848184818478
73 0.4690925925925926 0.6638943894389439 0.14370370370370375 0.11281188118811879
73 0.4412962962962963 0.8880858085808581 0.19762962962962968 0.1620132013201319
106 0.19293518518518518 0.17719471947194718 0.18325925925925923 0.17846864686468647
106 0.29484259259259255 0.41073927392739273 0.14540740740740737 0.17701650165016505
43 0.1315555555555556 0.408039603960396 0.13021296296296295 0.17281848184818477
106 0.279787037037037 0.6468646864686468 0.15867592592592594 0.14641584158415846
43 0.14449999999999996 0.6537887788778878 0.13471296296296298 0.13266006600660069
106 0.2572592592592593 0.8704884488448844 0.19195370370370368 0.17802640264026406
43 0.12416666666666669 0.876085808580858 0.09418518518518519 0.17521452145214508