10 0.24044444444444446 0.6442376237623763 0.1519074074074074 0.15423762376237624
57 0.7299629629629629 0.6205874587458746 0.12206481481481482 0.18506270627062707
10 0.19 0.40414521452145213 0.1770648148148148 0.1607920792079208
10 0.5310277777777778 0.17916171617161716 0.15941666666666665 0.1545214521452145
10 0.21926851851851853 0.8618217821782179 0.21506481481481482 0.16234323432343234
57 0.7254814814814815 0.39038943894389444 0.13810185185185186 0.18715511551155117
9 0.3784074074074074 0.41109570957095704 0.18187037037037035 0.14899669966996698
9 0.4405462962962963 0.8791551155115512 0.12179629629629629 0.1501914191419142
57 0.7211388888888889 0.8546732673267327 0.12606481481481482 0.1842046204620462
9 0.41974074074074075 0.6491353135313531 0.1627962962962963 0.1433927392739274
9 0.3271851851851852 0.17866666666666667 0.20074074074074075 0.15122112211221123
57 0.8281388888888889 0.1833729372937294 0.10062037037037037 0.1233135313531353