9 0.7446666666666667 0.8768712871287129 0.14803703703703702 0.1545214521452145
9 0.3485462962962963 0.39856765676567657 0.15902777777777777 0.16264026402640264
64 0.3339722222222222 0.1686006600660066 0.20053703703703704 0.18104290429042902
73 0.3663240740740741 0.8755907590759076 0.1532962962962963 0.1396897689768977
10 0.20274074074074075 0.40312871287128715 0.17379629629629628 0.16327392739273927
9 0.26884259259259263 0.624976897689769 0.15953703703703706 0.15087128712871287
64 0.5683148148148148 0.8743696369636964 0.20098148148148148 0.1523960396039604
10 0.17577777777777778 0.8850693069306932 0.1681111111111111 0.14013861386138615
10 0.43063888888888885 0.6444356435643565 0.16676851851851854 0.14163696369636963
64 0.7426759259259259 0.17283168316831682 0.26895370370370375 0.1732013201320132
73 0.7337685185185185 0.3814389438943894 0.13343518518518518 0.12983498349834982
73 0.6914907407407407 0.5786006600660066 0.1009537037037037 0.06863366336633664
64 0.7726018518518518 0.5872409240924092 0.10087962962962964 0.06252805280528054
17 0.859 0.390990099009901 0.12773148148148147 0.136006600660066
17 0.8488611111111111 0.639036303630363 0.08530555555555555 0.09570957095709572
39 0.6095925925925926 0.12833003300330031 0.14590740740740743 0.08163036303630364
39 0.5467222222222222 0.40320792079207923 0.11699074074074074 0.05375577557755776
39 0.14722222222222223 0.6565412541254125 0.0985462962962963 0.06392739273927392
64 0.7936111111111112 0.38923432343234327 0.09534259259259259 0.12060726072607261