112 0.8257037037037037 0.8711551155115511 0.1602222222222222 0.16532673267326733
112 0.39639814814814817 0.163003300330033 0.19247222222222224 0.17205940594059407
11 0.3610648148148148 0.6341980198019802 0.17192592592592593 0.17454125412541255
11 0.7010648148148148 0.18124752475247524 0.14939814814814814 0.15154455445544554
11 0.8372685185185185 0.627016501650165 0.14230555555555555 0.17287788778877888
11 0.5829444444444445 0.8657491749174917 0.18102777777777776 0.16985478547854785
112 0.4966759259259259 0.397023102310231 0.2325185185185185 0.18215181518151813
11 0.8286574074074075 0.3987986798679868 0.12671296296296294 0.14648184818481846
3 0.16717592592592595 0.658970297029703 0.16762962962962963 0.1513993399339934
3 0.1872037037037037 0.17445544554455447 0.19693518518518519 0.14605280528052805
3 0.60975 0.639075907590759 0.15271296296296297 0.15020462046204622
3 0.18105555555555555 0.4219405940594059 0.1758611111111111 0.13361716171617163
3 0.2981759259259259 0.8526930693069307 0.2116111111111111 0.11891089108910892