11 0.4961018518518518 0.4017161716171617 0.1591944444444445 0.1609372937293729
11 0.5321944444444444 0.8805148514851485 0.15763888888888888 0.1620792079207922
112 0.6430092592592593 0.1892871287128713 0.17459259259259255 0.13189438943894388
112 0.3021111111111111 0.40348514851485145 0.14408333333333334 0.16683828382838284
3 0.6718703703703703 0.8943432343234324 0.13472222222222222 0.13009900990099005
11 0.32596296296296295 0.18836963696369638 0.20620370370370372 0.1343762376237624
112 0.7644351851851852 0.6423366336633664 0.21599999999999997 0.16539273927392736
11 0.8295092592592592 0.19038283828382838 0.18162037037037046 0.13012541254125412
11 0.2741481481481482 0.642013201320132 0.21836111111111114 0.16099669966996705
112 0.7975 0.8811419141914192 0.16476851851851856 0.15570957095709578
112 0.14907407407407408 0.1948910891089109 0.1455740740740741 0.12056765676567655
3 0.5238611111111111 0.651102310231023 0.14457407407407402 0.15261386138613856
3 0.7164259259259259 0.4218283828382839 0.21861111111111103 0.14329372937293725
3 0.28841666666666665 0.8775709570957095 0.25945370370370374 0.18491089108910883