10 0.6788425925925926 0.651089108910891 0.19385185185185175 0.16728712871287124
10 0.3768148148148148 0.400990099009901 0.122 0.146983498349835
8 0.32063888888888886 0.18145874587458746 0.15397222222222218 0.17197359735973602
9 0.2351296296296297 0.41497689768976903 0.11760185185185185 0.14036303630363042
73 0.24012962962962967 0.8762640264026402 0.14225925925925925 0.1512145214521453
10 0.7192037037037037 0.1774125412541254 0.17477777777777778 0.16893069306930694
10 0.705861111111111 0.8689306930693069 0.19037037037037027 0.14697689768976901
9 0.5143425925925926 0.8768976897689769 0.1406203703703703 0.14959735973597352
8 0.7333148148148149 0.3883894389438944 0.16671296296296292 0.1863432343234323
9 0.5562037037037038 0.17596699669966995 0.1231203703703704 0.1576039603960396
9 0.4716018518518519 0.6561518151815182 0.14834259259259264 0.15363696369636964
73 0.17210185185185187 0.6626732673267327 0.1252777777777778 0.11518151815181518