64 0.7748148148148147 0.6603300330033003 0.18441666666666665 0.12511551155115513
73 0.22283333333333333 0.16066006600660065 0.11649999999999999 0.1381914191419142
73 0.5762037037037037 0.6639801980198019 0.20525925925925925 0.11803300330033002
73 0.7192037037037037 0.40106270627062707 0.14149074074074075 0.14617161716171617
37 0.15285185185185185 0.6452013201320133 0.13277777777777777 0.15542574257425743
37 0.2992777777777778 0.6399075907590759 0.22322222222222224 0.16577557755775577
95 0.2862777777777778 0.8626072607260725 0.13788888888888887 0.12185478547854786
37 0.2173240740740741 0.3933135313531353 0.23866666666666667 0.1761980198019802
64 0.36225 0.16097029702970297 0.10197222222222221 0.12994059405940594
95 0.6905370370370371 0.16182178217821783 0.07583333333333334 0.0866930693069307
95 0.7693796296296296 0.16181518151815183 0.07408333333333333 0.09405940594059406
64 0.8191666666666667 0.4098943894389439 0.15019444444444446 0.13112871287128713
95 0.41982407407407407 0.8553927392739274 0.12944444444444445 0.11386138613861387
95 0.5700277777777778 0.8765148514851485 0.09474074074074074 0.06545874587458746
95 0.6675555555555556 0.8778283828382839 0.1033425925925926 0.06522112211221122
37 0.3706111111111111 0.3724620462046204 0.21471296296296294 0.17848184818481846