11 0.5038981481481482 0.4017161716171617 0.15919444444444444 0.16093729372937293
11 0.4678055555555556 0.8805148514851485 0.15763888888888888 0.16207920792079208
112 0.3569907407407408 0.1892871287128713 0.1745925925925926 0.13189438943894388
112 0.6978888888888889 0.40348514851485145 0.14408333333333334 0.16683828382838284
3 0.3281296296296296 0.8943432343234324 0.13472222222222222 0.1300990099009901
11 0.6740370370370371 0.18836963696369638 0.2062037037037037 0.13437623762376238
112 0.2355648148148148 0.6423366336633664 0.216 0.1653927392739274
11 0.17049074074074075 0.19038283828382838 0.18162037037037038 0.13012541254125412
11 0.7258518518518519 0.642013201320132 0.21836111111111112 0.160996699669967
112 0.20249999999999999 0.8811419141914192 0.1647685185185185 0.1557095709570957
112 0.850925925925926 0.1948910891089109 0.14557407407407408 0.12056765676567656
3 0.4761388888888889 0.651102310231023 0.14457407407407405 0.1526138613861386
3 0.2835740740740741 0.4218283828382839 0.21861111111111112 0.1432937293729373
3 0.7115833333333333 0.8775709570957095 0.2594537037037037 0.1849108910891089