64 0.22518518518518524 0.6603300330033003 0.18441666666666662 0.12511551155115508
73 0.7771666666666667 0.16066006600660068 0.11649999999999994 0.1381914191419142
73 0.42379629629629634 0.6639801980198019 0.2052592592592593 0.11803300330033
73 0.28079629629629627 0.40106270627062707 0.14149074074074072 0.1461716171617162
37 0.8471481481481481 0.6452013201320133 0.13277777777777786 0.15542574257425737
37 0.7007222222222222 0.6399075907590759 0.22322222222222216 0.16577557755775585
95 0.7137222222222221 0.8626072607260725 0.13788888888888895 0.12185478547854794
37 0.7826759259259259 0.3933135313531353 0.23866666666666667 0.17619801980198024
64 0.6377499999999999 0.16097029702970297 0.10197222222222233 0.12994059405940594
95 0.309462962962963 0.16182178217821783 0.07583333333333331 0.08669306930693067
95 0.23062037037037042 0.1618151815181518 0.07408333333333332 0.09405940594059405
64 0.1808333333333333 0.4098943894389439 0.1501944444444445 0.1311287128712872
95 0.5801759259259258 0.8553927392739274 0.1294444444444444 0.11386138613861387
95 0.4299722222222222 0.8765148514851485 0.09474074074074068 0.06545874587458751
95 0.33244444444444443 0.8778283828382839 0.10334259259259261 0.06522112211221119
37 0.6293888888888889 0.3724620462046204 0.21471296296296286 0.1784818481848185