9 0.802675925925926 0.13497029702970295 0.11415740740740737 0.09772277227722773
17 0.49390740740740735 0.16594059405940595 0.13706481481481478 0.1521914191419142
10 0.8365555555555556 0.40695709570957095 0.14928703703703705 0.15619141914191423
73 0.46036111111111117 0.872990099009901 0.17037962962962963 0.15519471947194713
9 0.6848796296296297 0.37995379537953794 0.11195370370370378 0.10430363036303629
73 0.5348425925925926 0.4127656765676568 0.18088888888888885 0.14323432343234324
9 0.6683055555555555 0.8411881188118813 0.12710185185185183 0.12001980198019797
73 0.6618425925925926 0.16426402640264026 0.13294444444444437 0.14003300330033003
10 0.8230925925925926 0.8706072607260726 0.16043518518518518 0.16230363036303622
64 0.3390555555555555 0.17137293729372938 0.14162962962962966 0.14883168316831685
17 0.3446666666666667 0.4174653465346535 0.16785185185185184 0.13633663366336632
64 0.15924074074074077 0.42370957095709566 0.16412962962962963 0.1241452145214521
64 0.24915740740740744 0.8788646864686469 0.17347222222222225 0.15425082508250829
64 0.31686111111111115 0.6307656765676568 0.159212962962963 0.14973597359735974
10 0.8522500000000001 0.6343366336633663 0.14079629629629625 0.15879207920792082
17 0.14462962962962966 0.6346204620462047 0.1358055555555555 0.15861386138613867
73 0.5530648148148147 0.6337623762376238 0.1519537037037038 0.1495115511551155
9 0.6984722222222223 0.590996699669967 0.15399074074074068 0.10299009900990097