9 0.1973240740740741 0.13497029702970295 0.11415740740740742 0.09772277227722773
17 0.5060925925925926 0.16594059405940595 0.1370648148148148 0.1521914191419142
10 0.16344444444444445 0.40695709570957095 0.14928703703703702 0.1561914191419142
73 0.5396388888888889 0.872990099009901 0.17037962962962963 0.15519471947194718
9 0.31512037037037033 0.37995379537953794 0.1119537037037037 0.1043036303630363
73 0.4651574074074074 0.4127656765676568 0.1808888888888889 0.14323432343234324
9 0.33169444444444446 0.8411881188118813 0.12710185185185185 0.12001980198019803
73 0.3381574074074074 0.16426402640264026 0.13294444444444445 0.14003300330033003
10 0.1769074074074074 0.8706072607260726 0.1604351851851852 0.1623036303630363
64 0.6609444444444444 0.17137293729372938 0.14162962962962963 0.14883168316831683
17 0.6553333333333333 0.4174653465346535 0.16785185185185186 0.13633663366336635
64 0.8407592592592592 0.42370957095709566 0.16412962962962963 0.12414521452145215
64 0.7508425925925926 0.8788646864686469 0.17347222222222222 0.15425082508250826
64 0.6831388888888889 0.6307656765676568 0.15921296296296295 0.14973597359735974
10 0.14775 0.6343366336633663 0.1407962962962963 0.1587920792079208
17 0.8553703703703703 0.6346204620462047 0.13580555555555554 0.15861386138613862
73 0.44693518518518516 0.6337623762376238 0.15195370370370373 0.1495115511551155
9 0.3015277777777778 0.590996699669967 0.15399074074074073 0.10299009900990098