73 0.22549074074074074 0.640983498349835 0.19216666666666665 0.156983498349835
10 0.7231481481481481 0.8486006600660067 0.16111111111111112 0.1216897689768977
73 0.21210185185185185 0.17067986798679866 0.14247222222222222 0.15302970297029703
10 0.4594537037037037 0.1476897689768977 0.16944444444444445 0.10827062706270627
10 0.4911296296296296 0.38657425742574253 0.1501574074074074 0.12826402640264026
73 0.2299351851851852 0.4083102310231023 0.2061759259259259 0.1481848184818482
43 0.7372685185185185 0.4080858085808581 0.21712962962962962 0.16490429042904292
73 0.3050185185185185 0.8668580858085808 0.17978703703703702 0.16254125412541254
10 0.6940555555555556 0.6111551155115511 0.19490740740740742 0.1037161716171617
43 0.720675925925926 0.16765676567656765 0.16789814814814816 0.16721452145214522
43 0.45872222222222225 0.6356963696369637 0.18441666666666665 0.15764356435643564
43 0.4663611111111111 0.8886666666666666 0.2225277777777778 0.10098349834983499