10 0.32115740740740745 0.6510891089108911 0.19385185185185186 0.1672871287128713
10 0.6231851851851852 0.400990099009901 0.122 0.14698349834983498
8 0.6793611111111112 0.18145874587458746 0.1539722222222222 0.171973597359736
9 0.7648703703703703 0.41497689768976903 0.11760185185185186 0.14036303630363037
73 0.7598703703703703 0.8762640264026402 0.14225925925925925 0.15121452145214523
10 0.28079629629629627 0.1774125412541254 0.17477777777777778 0.16893069306930694
10 0.2941388888888889 0.8689306930693069 0.19037037037037036 0.14697689768976896
9 0.4856574074074074 0.8768976897689769 0.14062037037037037 0.1495973597359736
8 0.2666851851851852 0.3883894389438944 0.16671296296296298 0.18634323432343233
9 0.4437962962962963 0.17596699669966995 0.12312037037037037 0.1576039603960396
9 0.5283981481481481 0.6561518151815182 0.1483425925925926 0.15363696369636964
73 0.8278981481481481 0.6626732673267327 0.1252777777777778 0.11518151815181518