73 0.7955277777777777 0.17516831683168316 0.19703703703703698 0.14928712871287125
73 0.3901851851851852 0.8908250825082508 0.2155555555555555 0.12945874587458753
73 0.7898703703703703 0.8765940594059406 0.13247222222222216 0.1532475247524753
10 0.17305555555555555 0.8887590759075907 0.1698148148148148 0.13403300330033
10 0.6223148148148149 0.8553795379537954 0.1274722222222223 0.12000000000000012
73 0.5500277777777778 0.6405940594059406 0.18154629629629623 0.15467326732673262
10 0.29366666666666663 0.15493729372937293 0.13302777777777774 0.11547854785478547
10 0.29132407407407407 0.6242640264026402 0.12895370370370368 0.11515511551155118
10 0.2912592592592592 0.3806402640264026 0.12117592592592594 0.11484488448844885
73 0.5992314814814815 0.3981518151815182 0.1735185185185186 0.15454125412541259
43 0.8348425925925926 0.6214521452145214 0.115861111111111 0.13417161716171616
43 0.7518796296296296 0.39793399339933994 0.16116666666666662 0.1751353135313531
43 0.5895370370370371 0.1845016501650165 0.15166666666666662 0.14853465346534653