73 0.20447222222222222 0.17516831683168316 0.19703703703703704 0.14928712871287128
73 0.6098148148148148 0.8908250825082508 0.21555555555555556 0.12945874587458744
73 0.21012962962962964 0.8765940594059406 0.1324722222222222 0.15324752475247524
10 0.8269444444444445 0.8887590759075907 0.1698148148148148 0.13403300330033002
10 0.3776851851851852 0.8553795379537954 0.1274722222222222 0.12000000000000001
73 0.4499722222222223 0.6405940594059406 0.1815462962962963 0.15467326732673267
10 0.7063333333333334 0.15493729372937293 0.13302777777777777 0.11547854785478547
10 0.7086759259259259 0.6242640264026402 0.1289537037037037 0.11515511551155116
10 0.7087407407407408 0.3806402640264026 0.12117592592592594 0.11484488448844885
73 0.4007685185185185 0.3981518151815182 0.17351851851851852 0.15454125412541253
43 0.16515740740740742 0.6214521452145214 0.11586111111111111 0.1341716171617162
43 0.2481203703703704 0.39793399339933994 0.16116666666666668 0.17513531353135312
43 0.410462962962963 0.1845016501650165 0.15166666666666667 0.14853465346534653