17 0.6661574074074075 0.8777029702970297 0.13866666666666666 0.15682508250825083
73 0.813574074074074 0.8786006600660066 0.12710185185185185 0.15273927392739275
64 0.4803518518518518 0.8704818481848184 0.1748148148148148 0.1524224422442244
17 0.8724166666666667 0.6638613861386139 0.15026851851851852 0.10393399339933994
9 0.40974999999999995 0.6640726072607261 0.19 0.10382838283828384
64 0.3355740740740741 0.28983498349834985 0.15264814814814817 0.10144554455445544
64 0.6421203703703704 0.6635907590759076 0.2346111111111111 0.1051023102310231
73 0.7538611111111111 0.37895049504950495 0.1492037037037037 0.1740858085808581
17 0.5747222222222222 0.34877227722772275 0.20653703703703705 0.17269966996699668
10 0.6783333333333333 0.10062706270627061 0.1247222222222222 0.11256765676567657
10 0.19367592592592592 0.5587062706270628 0.22903703703703704 0.14436303630363037
9 0.5522592592592593 0.18050825082508254 0.0998425925925926 0.07798679867986799