17 0.3338425925925925 0.8777029702970297 0.13866666666666666 0.15682508250825092
73 0.18642592592592597 0.8786006600660066 0.12710185185185183 0.1527392739273928
64 0.5196481481481482 0.8704818481848184 0.17481481481481478 0.15242244224422447
17 0.1275833333333333 0.6638613861386139 0.1502685185185185 0.10393399339933995
9 0.59025 0.6640726072607261 0.19000000000000003 0.1038283828382838
64 0.6644259259259259 0.28983498349834985 0.15264814814814825 0.10144554455445548
64 0.3578796296296296 0.6635907590759076 0.23461111111111116 0.10510231023102304
73 0.24613888888888893 0.37895049504950495 0.1492037037037037 0.1740858085808581
17 0.42527777777777775 0.34877227722772275 0.206537037037037 0.17269966996699673
10 0.32166666666666666 0.10062706270627061 0.12472222222222226 0.11256765676567654
10 0.8063240740740741 0.5587062706270628 0.22903703703703696 0.1443630363036304
9 0.4477407407407407 0.18050825082508254 0.09984259259259258 0.07798679867986798