10 0.6688333333333334 0.8753267326732672 0.17046296296296296 0.1592805280528053
9 0.845074074074074 0.8854059405940595 0.1432314814814815 0.13945214521452146
10 0.6478518518518518 0.37386798679867983 0.1370648148148148 0.18846864686468645
73 0.7725925925925926 0.1715049504950495 0.0806388888888889 0.06715511551155115
37 0.1761851851851852 0.6223036303630363 0.16822222222222222 0.18503630363036302
37 0.3320648148148148 0.6203960396039604 0.20246296296296296 0.20334653465346533
57 0.37680555555555556 0.3552805280528053 0.23777777777777778 0.23794719471947195
64 0.688787037037037 0.17706270627062706 0.07827777777777778 0.07260726072607261
37 0.8203611111111111 0.1340924092409241 0.09351851851851851 0.12246864686468646
10 0.5888796296296296 0.6311881188118812 0.1802962962962963 0.16996699669966997
9 0.8095833333333333 0.6474125412541254 0.13558333333333333 0.1485148514851485
37 0.8820092592592593 0.12341254125412542 0.0841574074074074 0.1178085808580858
37 0.3539259259259259 0.868006600660066 0.3926388888888889 0.17415841584158417
37 0.1525 0.8824554455445545 0.14397222222222222 0.14708250825082508