10 0.6856203703703704 0.8341452145214522 0.20747222222222217 0.1813333333333335
10 0.7306481481481482 0.39203960396039605 0.1860555555555556 0.22456105610561058
37 0.1709537037037037 0.17728052805280528 0.18684259259259256 0.15726732673267327
10 0.7503333333333333 0.6212277227722773 0.259675925925926 0.21568976897689776
37 0.2773333333333333 0.8486864686468647 0.1886574074074074 0.20988118811881176
37 0.8038518518518518 0.1578019801980198 0.2224907407407407 0.19695709570957096
37 0.35717592592592595 0.6393333333333334 0.2756018518518519 0.16604620462046207
10 0.5154537037037038 0.18453465346534653 0.22745370370370374 0.14254785478547857
37 0.2985185185185185 0.3903960396039604 0.12769444444444442 0.17355115511551159
64 0.1504722222222222 0.6863300330033003 0.10837962962962965 0.07203960396039603
9 0.3787592592592592 0.20623102310231023 0.11976851851851854 0.09900990099009901
64 0.45483333333333337 0.4231881188118812 0.08838888888888892 0.0994917491749175
37 0.20930555555555552 0.3765940594059406 0.11081481481481485 0.13465346534653466
9 0.12787037037037038 0.41343894389438945 0.07347222222222223 0.06540594059405935
73 0.36812037037037043 0.42887128712871286 0.09437037037037033 0.09481188118811873