10 0.4798425925925926 0.40831683168316835 0.19062962962962962 0.15867326732673268
10 0.4921944444444445 0.6411353135313532 0.15783333333333335 0.15895049504950495
10 0.3270648148148148 0.8693597359735973 0.11966666666666667 0.15881848184818484
9 0.27123148148148146 0.40932013201320133 0.11680555555555557 0.152026402640264
73 0.7140185185185185 0.4145742574257426 0.12047222222222223 0.14636303630363037
73 0.7619074074074074 0.6534917491749175 0.21727777777777776 0.14721452145214523
9 0.2676574074074074 0.19165676567656767 0.2977592592592592 0.12463366336633663
73 0.6128981481481481 0.14995379537953796 0.15192592592592594 0.1488052805280528
9 0.20044444444444443 0.8751947194719473 0.12224074074074075 0.14658085808580856
73 0.6153888888888889 0.8854917491749175 0.2911851851851852 0.13955115511551155
9 0.2562685185185185 0.6415841584158416 0.2049814814814815 0.14472607260726073