112 0.15741666666666665 0.17833003300330033 0.14577777777777778 0.16042904290429044
11 0.8160370370370371 0.20015181518151817 0.21501851851851853 0.10944554455445545
112 0.6253611111111111 0.18847524752475248 0.1965462962962963 0.1325016501650165
112 0.6173888888888889 0.40918811881188116 0.14933333333333335 0.14608580858085807
11 0.7954537037037037 0.8857755775577558 0.22733333333333333 0.13911551155115512
112 0.1914814814814815 0.6458415841584159 0.19175925925925924 0.13087128712871288
11 0.40069444444444446 0.19308250825082507 0.18962037037037036 0.13712871287128714
11 0.35812037037037037 0.41298349834983494 0.2051851851851852 0.1476039603960396
11 0.7988796296296296 0.4108250825082508 0.1839351851851852 0.13589438943894389
112 0.17552777777777778 0.4047128712871287 0.16939814814814813 0.1467986798679868
112 0.6860648148148148 0.6445478547854786 0.20373148148148149 0.14956435643564356
112 0.5584351851851852 0.8556567656765676 0.15818518518518518 0.1993135313531353
11 0.3526388888888889 0.8726930693069308 0.19590740740740742 0.13260726072607262
112 0.16812037037037036 0.8725148514851484 0.19061111111111112 0.14104950495049504
11 0.3860925925925926 0.6456171617161717 0.19269444444444445 0.13799999999999998