10 0.5201574074074073 0.40831683168316835 0.19062962962962968 0.1586732673267327
10 0.5078055555555555 0.6411353135313532 0.15783333333333335 0.15895049504950498
10 0.6729351851851851 0.8693597359735973 0.11966666666666667 0.1588184818481849
9 0.7287685185185184 0.40932013201320133 0.11680555555555563 0.15202640264026399
73 0.2859814814814815 0.4145742574257426 0.12047222222222223 0.14636303630363037
73 0.23809259259259258 0.6534917491749175 0.21727777777777774 0.14721452145214528
9 0.7323425925925926 0.19165676567656767 0.29775925925925917 0.1246336633663366
73 0.3871018518518519 0.14995379537953796 0.15192592592592596 0.14880528052805278
9 0.7995555555555556 0.8751947194719473 0.12224074074074072 0.1465808580858087
73 0.3846111111111111 0.8854917491749175 0.2911851851851852 0.1395511551155116
9 0.7437314814814815 0.6415841584158416 0.20498148148148157 0.1447260726072608