37 0.7261851851851852 0.1587920792079208 0.3781666666666667 0.20757755775577558
37 0.5095092592592593 0.1595049504950495 0.2416018518518519 0.20095049504950496
86 0.2257777777777778 0.21085148514851484 0.36281481481481476 0.1092805280528053
37 0.7832129629629629 0.4007392739273927 0.25396296296296295 0.21915511551155115
37 0.7435648148148147 0.5849702970297029 0.20979629629629623 0.19702310231023096
86 0.47173148148148153 0.46644224422442243 0.3322222222222222 0.1043564356435643
37 0.31834259259259257 0.4103102310231023 0.24446296296296294 0.19867986798679868
37 0.14424074074074072 0.4319207920792079 0.13212962962962962 0.20452145214521458
73 0.29913888888888895 0.6244950495049504 0.21373148148148152 0.143016501650165
73 0.7250185185185185 0.8706732673267327 0.22412037037037033 0.16696369636963684
73 0.3066666666666667 0.8693333333333333 0.1992962962962963 0.16134653465346538