10 0.3143796296296296 0.8341452145214522 0.20747222222222222 0.18133333333333335
10 0.26935185185185184 0.39203960396039605 0.18605555555555556 0.22456105610561056
37 0.8290462962962963 0.17728052805280528 0.1868425925925926 0.15726732673267327
10 0.24966666666666665 0.6212277227722772 0.2596759259259259 0.21568976897689768
37 0.7226666666666667 0.8486864686468647 0.1886574074074074 0.2098811881188119
37 0.19614814814814815 0.1578019801980198 0.22249074074074074 0.19695709570957096
37 0.642824074074074 0.6393333333333333 0.2756018518518518 0.16604620462046205
10 0.48454629629629625 0.18453465346534653 0.2274537037037037 0.14254785478547854
37 0.7014814814814815 0.3903960396039604 0.12769444444444444 0.17355115511551156
64 0.8495277777777778 0.6863300330033003 0.10837962962962963 0.07203960396039603
9 0.6212407407407408 0.20623102310231023 0.11976851851851851 0.09900990099009901
64 0.5451666666666667 0.4231881188118812 0.08838888888888888 0.09949174917491749
37 0.7906944444444445 0.3765940594059406 0.11081481481481482 0.13465346534653466
9 0.8721296296296296 0.41343894389438945 0.07347222222222222 0.06540594059405941
73 0.6318796296296296 0.42887128712871286 0.09437037037037037 0.0948118811881188