112 0.8425833333333334 0.17833003300330033 0.14577777777777784 0.16042904290429044
11 0.1839629629629629 0.20015181518151817 0.21501851851851855 0.10944554455445543
112 0.3746388888888889 0.18847524752475248 0.19654629629629627 0.1325016501650165
112 0.3826111111111111 0.40918811881188116 0.14933333333333332 0.14608580858085804
11 0.20454629629629625 0.8857755775577558 0.2273333333333333 0.13911551155115495
112 0.8085185185185185 0.6458415841584159 0.19175925925925918 0.13087128712871285
11 0.5993055555555555 0.19308250825082507 0.18962037037037033 0.13712871287128714
11 0.6418796296296296 0.41298349834983494 0.2051851851851851 0.14760396039603968
11 0.2011203703703704 0.4108250825082508 0.18393518518518517 0.13589438943894383
112 0.8244722222222223 0.4047128712871287 0.1693981481481482 0.1467986798679868
112 0.31393518518518515 0.6445478547854786 0.20373148148148146 0.1495643564356436
112 0.4415648148148148 0.8556567656765676 0.15818518518518515 0.19931353135313534
11 0.647361111111111 0.8726930693069308 0.19590740740740734 0.13260726072607268
112 0.8318796296296297 0.8725148514851484 0.19061111111111123 0.1410495049504951
11 0.6139074074074073 0.6456171617161717 0.19269444444444456 0.13799999999999996