37 0.27381481481481484 0.1587920792079208 0.3781666666666667 0.20757755775577558
37 0.4904907407407408 0.1595049504950495 0.24160185185185185 0.20095049504950496
86 0.7742222222222221 0.21085148514851484 0.3628148148148148 0.10928052805280528
37 0.21678703703703703 0.4007392739273927 0.25396296296296295 0.21915511551155115
37 0.25643518518518515 0.5849702970297029 0.20979629629629631 0.19702310231023104
86 0.5282685185185185 0.46644224422442243 0.33222222222222225 0.10435643564356435
37 0.6816574074074074 0.4103102310231023 0.24446296296296294 0.19867986798679868
37 0.8557592592592593 0.4319207920792079 0.13212962962962962 0.20452145214521453
73 0.700861111111111 0.6244950495049505 0.2137314814814815 0.143016501650165
73 0.2749814814814815 0.8706732673267327 0.2241203703703704 0.16696369636963695
73 0.6933333333333332 0.8693333333333333 0.1992962962962963 0.16134653465346535