10 0.25730555555555557 0.6416105610561056 0.19496296296296298 0.16056765676567655
73 0.5891574074074074 0.8769702970297029 0.18404629629629632 0.14932013201320132
73 0.6950185185185185 0.6574851485148515 0.14471296296296296 0.15057425742574257
9 0.46797222222222223 0.6533795379537953 0.1389537037037037 0.15201980198019802
10 0.25166666666666665 0.8927524752475248 0.20910185185185187 0.12757095709570956
73 0.6480462962962963 0.17165016501650165 0.14629629629629629 0.14498349834983498
73 0.17035185185185184 0.39270627062706276 0.18069444444444446 0.14563036303630364
1 0.8058148148148148 0.8115379537953795 0.19895370370370372 0.13072607260726074
9 0.4279351851851852 0.8793267326732673 0.12752777777777777 0.16122772277227723
74 0.4786481481481482 0.1848052805280528 0.12322222222222223 0.09951155115511551
74 0.6930462962962963 0.4251089108910891 0.18065740740740743 0.11353795379537954
49 0.8426666666666667 0.36389438943894387 0.052648148148148145 0.03860726072607261
95 0.8662314814814814 0.12618481848184818 0.07872222222222222 0.06291089108910891