10 0.30810185185185185 0.15444884488448846 0.20416666666666666 0.10776897689768977
73 0.7174907407407407 0.40893729372937293 0.18868518518518518 0.15334653465346534
73 0.6149351851851852 0.17582838283828384 0.19722222222222222 0.14785478547854786
73 0.3962962962962963 0.8674917491749174 0.16620370370370371 0.15346534653465346
73 0.5910925925925926 0.6395247524752475 0.13217592592592592 0.15363036303630362
10 0.7066574074074075 0.8469042904290429 0.12441666666666668 0.12021782178217821
43 0.2794074074074074 0.6297887788778878 0.17270370370370372 0.16897689768976898
43 0.25984259259259257 0.8635313531353135 0.14953703703703702 0.16501650165016502
10 0.7809074074074074 0.6113267326732673 0.1372685185185185 0.10539273927392738
43 0.23957407407407408 0.3971551155115512 0.21132407407407405 0.1575115511551155
10 0.5104166666666666 0.38234323432343237 0.1451388888888889 0.11254125412541253