10 0.6918981481481481 0.15444884488448846 0.20416666666666666 0.10776897689768976
73 0.2825092592592593 0.40893729372937293 0.18868518518518515 0.15334653465346532
73 0.3850648148148148 0.17582838283828384 0.19722222222222222 0.14785478547854786
73 0.6037037037037037 0.8674917491749174 0.16620370370370371 0.15346534653465346
73 0.4089074074074074 0.6395247524752476 0.13217592592592592 0.1536303630363037
10 0.29334259259259254 0.8469042904290429 0.12441666666666668 0.12021782178217828
43 0.7205925925925926 0.6297887788778879 0.1727037037037037 0.16897689768976906
43 0.7401574074074074 0.8635313531353135 0.14953703703703702 0.16501650165016502
10 0.2190925925925926 0.6113267326732673 0.1372685185185185 0.10539273927392744
43 0.760425925925926 0.3971551155115512 0.21132407407407408 0.15751155115511556
10 0.4895833333333333 0.38234323432343237 0.1451388888888889 0.11254125412541253