10 0.4459351851851852 0.8530759075907591 0.21331481481481482 0.20005280528052805
9 0.13550925925925925 0.23032343234323432 0.07885185185185185 0.0781980198019802
37 0.24105555555555552 0.6072145214521452 0.20421296296296299 0.1796963696369637
37 0.29337037037037034 0.8400132013201319 0.05795370370370371 0.05489108910891089
38 0.7182407407407407 0.6225544554455446 0.2610462962962963 0.18460066006600662
10 0.19887037037037036 0.2282046204620462 0.07355555555555555 0.08332673267326732
73 0.24962962962962965 0.2373069306930693 0.0685 0.07095709570957096
64 0.29612962962962963 0.23567656765676567 0.07050000000000001 0.06984158415841585
37 0.44147222222222227 0.201003300330033 0.10060185185185186 0.12897689768976897
37 0.33817592592592594 0.20744554455445544 0.08953703703703704 0.12685808580858085
38 0.8095462962962963 0.8616501650165017 0.18725 0.18317491749174916
10 0.3651203703703704 0.6311683168316832 0.12053703703703704 0.11007260726072607
37 0.2414351851851852 0.8375775577557756 0.06889814814814814 0.051168316831683165
73 0.17709259259259258 0.8454851485148516 0.06673148148148147 0.0432013201320132
64 0.1246388888888889 0.8507326732673267 0.07441666666666667 0.04497029702970297