73 0.40700000000000003 0.4084950495049505 0.12237037037037037 0.15023102310231023
9 0.20378703703703704 0.6545214521452145 0.12232407407407409 0.16006600660066006
10 0.22783333333333333 0.17496369636963696 0.19267592592592592 0.14966336633663366
73 0.5907222222222223 0.18163036303630364 0.1216574074074074 0.1442046204620462
9 0.25452777777777774 0.4094983498349835 0.11571296296296296 0.15445544554455445
73 0.7931574074074074 0.6555577557755775 0.19974999999999998 0.13046864686468646
73 0.3836203703703704 0.653016501650165 0.14685185185185184 0.15673267326732673
10 0.7012685185185186 0.3774983498349835 0.13693518518518516 0.16100990099009901
9 0.6078055555555555 0.6613795379537953 0.1627685185185185 0.12048844884488448
9 0.5597777777777777 0.868013201320132 0.15955555555555556 0.15464026402640263
73 0.7145277777777779 0.874851485148515 0.16137962962962962 0.15314191419141915
9 0.4687037037037037 0.1795049504950495 0.1775 0.14883168316831683
1 0.8146851851851852 0.08596039603960395 0.22767592592592592 0.09634983498349835
74 0.20580555555555557 0.8598679867986799 0.10049074074074074 0.0695049504950495
49 0.12199074074074075 0.8146336633663367 0.04089814814814815 0.02598019801980198