73 0.20596296296296296 0.16575577557755775 0.19262037037037036 0.15339273927392738
17 0.26402777777777775 0.8877491749174918 0.2489259259259259 0.1373201320132013
64 0.7833796296296296 0.6439075907590759 0.13744444444444445 0.15543234323432342
73 0.5298703703703703 0.8945346534653466 0.18506481481481482 0.12394719471947195
73 0.26887037037037037 0.4120924092409241 0.14008333333333334 0.15143234323432342
73 0.613175925925926 0.6474125412541254 0.13721296296296295 0.15506270627062704
10 0.7840648148148148 0.17988778877887787 0.1753611111111111 0.1535049504950495
10 0.5987222222222223 0.41026402640264026 0.1706574074074074 0.16457425742574258
17 0.2731388888888889 0.6391749174917492 0.19068518518518518 0.17784818481848186
64 0.7536203703703703 0.8909108910891089 0.1823425925925926 0.13125412541254125
64 0.3585277777777778 0.1590891089108911 0.16753703703703704 0.1497887788778878
64 0.41536111111111107 0.4098877887788779 0.134 0.1527854785478548
9 0.7806666666666666 0.41437623762376236 0.17835185185185184 0.15005280528052806
9 0.5374907407407408 0.19803300330033002 0.20599074074074075 0.11024422442244225