73 0.794037037037037 0.16575577557755775 0.19262037037037036 0.15339273927392738
17 0.7359722222222222 0.8877491749174918 0.24892592592592586 0.13732013201320128
64 0.2166203703703704 0.6439075907590759 0.13744444444444448 0.15543234323432345
73 0.4701296296296296 0.8945346534653466 0.18506481481481477 0.12394719471947208
73 0.7311296296296297 0.4120924092409241 0.1400833333333333 0.15143234323432345
73 0.38682407407407404 0.6474125412541254 0.137212962962963 0.15506270627062704
10 0.21593518518518523 0.17988778877887787 0.1753611111111111 0.15350495049504947
10 0.4012777777777778 0.41026402640264026 0.17065740740740737 0.16457425742574255
17 0.7268611111111111 0.6391749174917492 0.19068518518518524 0.1778481848184818
64 0.24637962962962967 0.8909108910891089 0.1823425925925926 0.1312541254125412
64 0.6414722222222222 0.1590891089108911 0.1675370370370371 0.1497887788778878
64 0.5846388888888889 0.4098877887788779 0.13400000000000004 0.1527854785478548
9 0.21933333333333332 0.41437623762376236 0.17835185185185184 0.150052805280528
9 0.46250925925925923 0.19803300330033002 0.20599074074074078 0.11024422442244224