10 0.5540648148148148 0.8530759075907591 0.21331481481481476 0.20005280528052802
9 0.8644907407407407 0.23032343234323432 0.07885185185185192 0.07819801980198021
37 0.7589444444444445 0.6072145214521452 0.20421296296296293 0.1796963696369637
37 0.7066296296296297 0.8400132013201319 0.057953703703703625 0.054891089108910794
38 0.2817592592592592 0.6225544554455444 0.26104629629629633 0.18460066006600656
10 0.8011296296296296 0.2282046204620462 0.07355555555555561 0.08332673267326733
73 0.7503703703703704 0.2373069306930693 0.06850000000000002 0.07095709570957096
64 0.7038703703703705 0.23567656765676567 0.07050000000000009 0.06984158415841588
37 0.5585277777777778 0.201003300330033 0.10060185185185194 0.12897689768976897
37 0.6618240740740741 0.20744554455445544 0.08953703703703708 0.12685808580858088
38 0.19045370370370376 0.8616501650165017 0.18725000000000003 0.18317491749174933
10 0.6348796296296297 0.6311683168316832 0.1205370370370371 0.11007260726072599
37 0.7585648148148149 0.8375775577557756 0.06889814814814822 0.05116831683168316
73 0.8229074074074074 0.8454851485148516 0.06673148148148142 0.04320132013201308
64 0.8753611111111111 0.8507326732673267 0.07441666666666677 0.044970297029703045