73 0.5930000000000001 0.4084950495049505 0.12237037037037045 0.1502310231023102
9 0.796212962962963 0.6545214521452145 0.12232407407407399 0.16006600660066
10 0.7721666666666667 0.17496369636963696 0.19267592592592586 0.14966336633663366
73 0.40927777777777774 0.18163036303630364 0.1216574074074074 0.1442046204620462
9 0.7454722222222222 0.4094983498349835 0.11571296296296299 0.15445544554455445
73 0.20684259259259258 0.6555577557755775 0.19975 0.1304686468646865
73 0.6163796296296297 0.653016501650165 0.14685185185185176 0.15673267326732676
10 0.2987314814814815 0.3774983498349835 0.13693518518518516 0.16100990099009904
9 0.3921944444444445 0.6613795379537953 0.16276851851851848 0.12048844884488447
9 0.4402222222222223 0.868013201320132 0.1595555555555555 0.15464026402640277
73 0.2854722222222222 0.874851485148515 0.1613796296296296 0.1531419141914193
9 0.5312962962962963 0.1795049504950495 0.17750000000000005 0.14883168316831685
1 0.1853148148148148 0.08596039603960395 0.22767592592592592 0.09634983498349833
74 0.7941944444444444 0.8598679867986799 0.10049074074074071 0.06950495049504962
49 0.8780092592592592 0.8146336633663367 0.04089814814814822 0.025980198019802066