10 0.19273148148148148 0.8465016501650166 0.1998425925925926 0.19903630363036304
10 0.2685462962962963 0.5643366336633664 0.18564814814814815 0.2466204620462046
10 0.2738888888888889 0.15747194719471946 0.26103703703703707 0.17236963696369637
38 0.5859166666666666 0.5663366336633663 0.28844444444444445 0.17840264026402639
38 0.663074074074074 0.16806600660066007 0.24136111111111114 0.16692409240924092
38 0.847925925925926 0.57803300330033 0.17507407407407408 0.21357755775577558
38 0.5763425925925927 0.8641716171617162 0.22852777777777777 0.1571089108910891
38 0.8085277777777778 0.8633135313531354 0.20658333333333334 0.17285808580858086
9 0.3316388888888889 0.3721122112211221 0.07322222222222222 0.04455445544554455
64 0.399537037037037 0.38586138613861387 0.06703703703703705 0.043452145214521454
73 0.4570185185185185 0.39851485148514854 0.04948148148148148 0.04015181518151815
37 0.5152592592592593 0.3806402640264026 0.06700925925925927 0.0616039603960396
37 0.5696574074074074 0.394937293729373 0.06493518518518518 0.0627062706270627