38 0.5449537037037037 0.2063234323432343 0.26555555555555554 0.2857425742574257
38 0.7883148148148148 0.24213861386138613 0.27675925925925926 0.33386798679867985
38 0.5501296296296296 0.6203894389438944 0.2130462962962963 0.20785478547854783
38 0.7862962962962964 0.6161782178217822 0.2591851851851852 0.22677227722772278
112 0.1670925925925926 0.34322112211221123 0.2224074074074074 0.23029702970297028
112 0.15079629629629632 0.6619735973597359 0.12086111111111111 0.1505082508250825
112 0.13032407407407406 0.8961716171617162 0.1516111111111111 0.11755115511551155
112 0.6781388888888888 0.8665082508250825 0.23737037037037037 0.16211881188118812
11 0.33285185185185184 0.36353135313531354 0.18423148148148147 0.23878547854785478
11 0.2487777777777778 0.6571881188118812 0.11839814814814816 0.15345214521452144
11 0.2393611111111111 0.8880660066006602 0.15024074074074073 0.13436963696369636
11 0.7999074074074074 0.8707458745874588 0.21955555555555556 0.15794059405940594