10 0.8072685185185186 0.8465016501650166 0.19984259259259252 0.199036303630363
10 0.7314537037037038 0.5643366336633664 0.18564814814814815 0.2466204620462047
10 0.7261111111111112 0.15747194719471946 0.2610370370370371 0.17236963696369637
38 0.41408333333333336 0.5663366336633663 0.28844444444444445 0.17840264026402639
38 0.3369259259259259 0.16806600660066007 0.24136111111111117 0.16692409240924092
38 0.15207407407407408 0.57803300330033 0.1750740740740741 0.2135775577557756
38 0.42365740740740737 0.8641716171617162 0.22852777777777772 0.1571089108910891
38 0.19147222222222218 0.8633135313531354 0.20658333333333334 0.17285808580858092
9 0.6683611111111111 0.3721122112211221 0.07322222222222216 0.04455445544554455
64 0.600462962962963 0.38586138613861387 0.06703703703703712 0.043452145214521405
73 0.5429814814814815 0.39851485148514854 0.04948148148148153 0.040151815181518107
37 0.48474074074074075 0.3806402640264026 0.06700925925925921 0.061603960396039555
37 0.43034259259259255 0.394937293729373 0.06493518518518518 0.0627062706270627