17 0.2930833333333333 0.17535313531353136 0.1777962962962963 0.1671023102310231
17 0.25200925925925927 0.42198019801980197 0.1346111111111111 0.16678547854785478
73 0.4930648148148148 0.18141914191419142 0.13437037037037036 0.1582046204620462
64 0.7025925925925925 0.17446204620462047 0.19434259259259257 0.16194059405940595
73 0.43369444444444444 0.4243036303630363 0.17735185185185184 0.1566072607260726
71 0.6018425925925927 0.8405148514851486 0.2348148148148148 0.1624026402640264
12 0.5413981481481481 0.5311221122112211 0.10969444444444444 0.09373597359735973
64 0.6255648148148149 0.4237161716171617 0.1301574074074074 0.16436303630363036
4 0.39084259259259263 0.764937293729373 0.1783425925925926 0.13666006600660066
35 0.3259814814814815 0.5731551155115512 0.2401574074074074 0.13434323432343234
107 0.75175 0.6205082508250825 0.2357314814814815 0.19027722772277225
37 0.18780555555555556 0.7571815181518152 0.2183888888888889 0.2122772277227723
37 0.21947222222222224 0.879108910891089 0.2818611111111111 0.14853465346534653