38 0.45504629629629634 0.2063234323432343 0.2655555555555555 0.2857425742574257
38 0.2116851851851852 0.24213861386138613 0.27675925925925926 0.3338679867986799
38 0.44987037037037036 0.6203894389438944 0.21304629629629626 0.20785478547854777
38 0.21370370370370367 0.6161782178217822 0.25918518518518524 0.22677227722772272
112 0.8329074074074073 0.34322112211221123 0.22240740740740744 0.2302970297029703
112 0.8492037037037037 0.661973597359736 0.12086111111111109 0.15050825082508257
112 0.8696759259259259 0.8961716171617162 0.1516111111111111 0.11755115511551165
112 0.3218611111111111 0.8665082508250825 0.23737037037037037 0.1621188118811882
11 0.6671481481481482 0.36353135313531354 0.1842314814814815 0.23878547854785478
11 0.7512222222222221 0.6571881188118811 0.11839814814814804 0.15345214521452138
11 0.7606388888888889 0.8880660066006602 0.15024074074074073 0.13436963696369647
11 0.20009259259259263 0.8707458745874588 0.21955555555555556 0.15794059405940608