17 0.7069166666666666 0.17535313531353136 0.17779629629629629 0.1671023102310231
17 0.7479907407407407 0.42198019801980197 0.1346111111111112 0.16678547854785483
73 0.5069351851851852 0.18141914191419142 0.13437037037037033 0.15820462046204622
64 0.29740740740740745 0.17446204620462047 0.19434259259259257 0.16194059405940597
73 0.5663055555555556 0.4243036303630363 0.17735185185185182 0.1566072607260726
71 0.3981574074074074 0.8405148514851486 0.23481481481481478 0.16240264026402637
12 0.4586018518518518 0.5311221122112211 0.10969444444444447 0.09373597359735973
64 0.37443518518518515 0.4237161716171617 0.13015740740740736 0.16436303630363036
4 0.6091574074074074 0.764937293729373 0.1783425925925925 0.13666006600660063
35 0.6740185185185186 0.5731551155115512 0.24015740740740732 0.13434323432343231
107 0.24825000000000003 0.6205082508250824 0.23573148148148151 0.1902772277227722
37 0.8121944444444444 0.7571815181518152 0.2183888888888888 0.21227722772277222
37 0.7805277777777778 0.879108910891089 0.2818611111111112 0.14853465346534667