10 0.428037037037037 0.1764092409240924 0.2517407407407407 0.18417161716171615
64 0.7963888888888889 0.5246138613861386 0.20897222222222223 0.22596039603960394
10 0.15000925925925926 0.8126996699669967 0.1799259259259259 0.16498349834983497
73 0.4963148148148148 0.8392079207920793 0.2159537037037037 0.21615181518151816
10 0.14644444444444443 0.5175313531353135 0.16849074074074075 0.1361782178217822
64 0.7663703703703704 0.8403432343234323 0.22855555555555557 0.22419141914191418
73 0.5630555555555555 0.5302772277227723 0.18826851851851853 0.21805940594059406
18 0.1975277777777778 0.2342178217821782 0.22625 0.19405940594059407
9 0.32228703703703704 0.8165016501650165 0.16494444444444442 0.15543234323432342
78 0.4004074074074074 0.5141716171617162 0.12487962962962963 0.16376237623762377
9 0.5854907407407408 0.1827062706270627 0.15812037037037038 0.18162376237623765
73 0.7304444444444445 0.17658085808580856 0.23957407407407408 0.16845544554455447
9 0.27487962962962964 0.502937293729373 0.1563148148148148 0.1284026402640264