10 0.31958333333333333 0.1652871287128713 0.193 0.21083168316831685
10 0.37007407407407406 0.855016501650165 0.1891388888888889 0.20503630363036304
10 0.38699999999999996 0.394957095709571 0.1925462962962963 0.1873135313531353
9 0.20471296296296296 0.6302112211221123 0.08683333333333333 0.05409900990099009
38 0.7156759259259259 0.15601320132013202 0.27249074074074076 0.1608184818481848
38 0.64675 0.4091089108910891 0.29362962962962963 0.15826402640264028
38 0.6575 0.8686402640264026 0.2840092592592593 0.16993399339933993
64 0.2698055555555555 0.6069108910891089 0.07964814814814815 0.05413861386138614
73 0.3526388888888889 0.59996699669967 0.08617592592592592 0.04458745874587459
37 0.4198425925925926 0.5865610561056106 0.06803703703703703 0.061808580858085806
37 0.4745648148148148 0.5937623762376237 0.06999999999999999 0.057003300330033