10 0.6804166666666667 0.1652871287128713 0.19300000000000006 0.21083168316831685
10 0.6299259259259259 0.855016501650165 0.18913888888888888 0.2050363036303631
10 0.613 0.394957095709571 0.19254629629629633 0.1873135313531353
9 0.795287037037037 0.6302112211221123 0.0868333333333333 0.054099009900990126
38 0.2843240740740741 0.15601320132013202 0.2724907407407407 0.1608184818481848
38 0.35325 0.4091089108910891 0.2936296296296296 0.15826402640264026
38 0.34249999999999997 0.8686402640264026 0.2840092592592593 0.16993399339933982
64 0.7301944444444445 0.6069108910891089 0.07964814814814813 0.054138613861386124
73 0.647361111111111 0.59996699669967 0.08617592592592586 0.04458745874587456
37 0.5801574074074074 0.5865610561056106 0.06803703703703705 0.061808580858085875
37 0.5254351851851852 0.5937623762376237 0.06999999999999991 0.05700330033003294