11 0.6020000000000001 0.15353135313531352 0.1874074074074075 0.16894389438943894
11 0.6646944444444445 0.6545676567656765 0.1427037037037038 0.14413201320132007
11 0.836037037037037 0.8895049504950494 0.10085185185185191 0.1260924092409242
112 0.7224166666666667 0.13473267326732674 0.14976851851851852 0.18120132013201318
112 0.808537037037037 0.4272739273927393 0.13290740740740736 0.14803300330033
112 0.8246666666666667 0.6501650165016502 0.14128703703703696 0.14559735973597354
112 0.7621759259259259 0.8823630363036303 0.09605555555555556 0.12947854785478538
38 0.2000185185185185 0.14374917491749176 0.2397407407407408 0.19911551155115514
38 0.2881851851851852 0.3995247524752475 0.306287037037037 0.20975577557755773
38 0.22824074074074074 0.625953795379538 0.19637962962962965 0.19894389438943885
38 0.3682129629629629 0.8623960396039604 0.22438888888888886 0.18930693069306942
11 0.6836481481481481 0.4217029702970297 0.14295370370370358 0.1474653465346535
38 0.5185185185185185 0.864970297029703 0.17532407407407405 0.18864686468646877