11 0.39799999999999996 0.15353135313531352 0.1874074074074074 0.16894389438943894
11 0.3353055555555556 0.6545676567656765 0.14270370370370372 0.14413201320132013
11 0.16396296296296298 0.8895049504950494 0.10085185185185186 0.1260924092409241
112 0.27758333333333335 0.13473267326732674 0.14976851851851852 0.18120132013201318
112 0.19146296296296297 0.4272739273927393 0.1329074074074074 0.14803300330033003
112 0.17533333333333334 0.6501650165016502 0.14128703703703704 0.1455973597359736
112 0.2378240740740741 0.8823630363036303 0.09605555555555555 0.12947854785478546
38 0.7999814814814815 0.14374917491749176 0.23974074074074075 0.19911551155115514
38 0.7118148148148148 0.3995247524752475 0.3062870370370371 0.20975577557755773
38 0.7717592592592593 0.625953795379538 0.19637962962962963 0.19894389438943894
38 0.6317870370370371 0.8623960396039604 0.2243888888888889 0.1893069306930693
11 0.3163518518518519 0.4217029702970297 0.1429537037037037 0.14746534653465346
38 0.48148148148148145 0.864970297029703 0.17532407407407408 0.18864686468646866