112 0.8228796296296297 0.1858019801980198 0.12504629629629627 0.15783498349834985
112 0.8517870370370371 0.652904290429043 0.19334259259259254 0.1366336633663367
112 0.8038333333333333 0.8735577557755776 0.12873148148148145 0.1653399339933992
38 0.581925925925926 0.1565280528052805 0.181324074074074 0.19964356435643565
38 0.21458333333333332 0.15766336633663366 0.27139814814814817 0.20797359735973592
38 0.1635277777777778 0.6275973597359735 0.2352962962962963 0.1876963696369638
38 0.23174999999999996 0.8506072607260726 0.2544166666666666 0.21036303630363024
11 0.3759537037037037 0.16942574257425744 0.19098148148148147 0.16714851485148516
11 0.7420833333333334 0.41706930693069305 0.17443518518518505 0.14365016501650157
11 0.3117037037037037 0.3859075907590759 0.23498148148148146 0.1804488448844884
11 0.4634259259259259 0.6453201320132013 0.34030555555555553 0.15225742574257423
11 0.504537037037037 0.8656831683168317 0.19877777777777783 0.15689768976897678