112 0.17712037037037037 0.1858019801980198 0.1250462962962963 0.15783498349834985
112 0.14821296296296296 0.6529042904290429 0.1933425925925926 0.13663366336633664
112 0.19616666666666668 0.8735577557755776 0.12873148148148147 0.16533993399339936
38 0.41807407407407404 0.1565280528052805 0.18132407407407408 0.19964356435643563
38 0.7854166666666667 0.15766336633663366 0.27139814814814817 0.20797359735973597
38 0.8364722222222222 0.6275973597359735 0.2352962962962963 0.1876963696369637
38 0.76825 0.8506072607260726 0.2544166666666666 0.21036303630363035
11 0.6240462962962964 0.16942574257425744 0.19098148148148147 0.16714851485148513
11 0.2579166666666667 0.41706930693069305 0.17443518518518517 0.14365016501650166
11 0.6882962962962963 0.3859075907590759 0.23498148148148149 0.18044884488448845
11 0.5365740740740741 0.6453201320132013 0.34030555555555553 0.15225742574257425
11 0.495462962962963 0.8656831683168317 0.19877777777777778 0.1568976897689769