33 0.8191851851851852 0.20042244224422442 0.15225925925925932 0.11640924092409242
33 0.8149814814814815 0.4368448844884489 0.18592592592592588 0.11281188118811887
10 0.38196296296296295 0.16261386138613862 0.34321296296296305 0.1896171617161716
10 0.5603888888888889 0.42154455445544553 0.24057407407407402 0.1434125412541254
10 0.4892685185185185 0.6504620462046204 0.2195185185185185 0.15121452145214523
10 0.49599999999999994 0.8787854785478547 0.2161481481481482 0.17941914191419153
33 0.8145555555555556 0.6738679867986799 0.14805555555555563 0.10440924092409246
33 0.7716388888888889 0.8835907590759077 0.13625925925925933 0.15181518151815182
7 0.16438888888888886 0.8307854785478549 0.17903703703703705 0.11941254125412532
7 0.18332407407407408 0.6159603960396038 0.220287037037037 0.20462046204620454
7 0.19511111111111112 0.3774389438943895 0.24217592592592588 0.21962376237623762