10 0.3184722222222222 0.6224422442244224 0.2582592592592593 0.18803300330033004
73 0.16796296296296298 0.38815181518151814 0.13362037037037036 0.15545874587458747
10 0.3294074074074074 0.8734455445544554 0.2849537037037037 0.17909570957095708
38 0.693712962962963 0.8772475247524752 0.3272407407407408 0.15621782178217822
64 0.2888148148148148 0.3637755775577558 0.11278703703703703 0.1579075907590759
37 0.5545462962962963 0.25665346534653466 0.09532407407407407 0.1104950495049505
10 0.4851203703703703 0.3683894389438944 0.1411574074074074 0.19186798679867986
38 0.6709259259259259 0.3735049504950495 0.18623148148148147 0.17492409240924092
37 0.6301666666666667 0.2555907590759076 0.0716574074074074 0.10861386138613863
38 0.8069074074074074 0.3767986798679868 0.20595370370370372 0.13517491749174917
38 0.5972777777777777 0.6182508250825083 0.29155555555555557 0.1787854785478548
9 0.35898148148148146 0.40578217821782175 0.13353703703703704 0.17286468646864686