33 0.18081481481481482 0.20042244224422442 0.15225925925925926 0.11640924092409242
33 0.1850185185185185 0.4368448844884489 0.18592592592592594 0.11281188118811881
10 0.618037037037037 0.16261386138613862 0.343212962962963 0.1896171617161716
10 0.43961111111111106 0.42154455445544553 0.24057407407407408 0.14341254125412542
10 0.5107314814814815 0.6504620462046204 0.21951851851851853 0.15121452145214523
10 0.504 0.8787854785478547 0.21614814814814814 0.17941914191419142
33 0.18544444444444444 0.6738679867986799 0.14805555555555555 0.10440924092409241
33 0.2283611111111111 0.8835907590759077 0.13625925925925925 0.15181518151815182
7 0.8356111111111112 0.8307854785478549 0.17903703703703705 0.11941254125412541
7 0.816675925925926 0.615960396039604 0.22028703703703703 0.20462046204620463
7 0.8048888888888889 0.3774389438943895 0.24217592592592593 0.21962376237623762