10 0.6815277777777777 0.6224422442244224 0.2582592592592593 0.18803300330032996
73 0.832037037037037 0.38815181518151814 0.1336203703703703 0.15545874587458744
10 0.6705925925925926 0.8734455445544554 0.2849537037037037 0.17909570957095705
38 0.306287037037037 0.8772475247524752 0.32724074074074083 0.15621782178217827
64 0.7111851851851851 0.3637755775577558 0.11278703703703699 0.15790759075907593
37 0.44545370370370374 0.25665346534653466 0.09532407407407412 0.11049504950495048
10 0.5148796296296296 0.3683894389438944 0.14115740740740745 0.19186798679867992
38 0.3290740740740741 0.3735049504950495 0.18623148148148147 0.17492409240924092
37 0.3698333333333333 0.2555907590759076 0.07165740740740739 0.10861386138613859
38 0.19309259259259257 0.3767986798679868 0.20595370370370375 0.13517491749174915
38 0.40272222222222226 0.6182508250825083 0.2915555555555556 0.17878547854785473
9 0.6410185185185184 0.40578217821782175 0.13353703703703707 0.1728646864686468