9 0.5452777777777778 0.17940594059405943 0.13537962962962966 0.15313531353135312
10 0.5451851851851851 0.6306732673267327 0.20815740740740735 0.16403960396039602
10 0.7210185185185186 0.8736039603960396 0.19685185185185178 0.1448052805280529
10 0.7678703703703703 0.13376897689768974 0.18316666666666662 0.13499009900990097
9 0.7541666666666667 0.6336633663366337 0.19537962962962963 0.1560396039603961
43 0.21552777777777776 0.4066666666666667 0.20550000000000002 0.17345874587458743
43 0.2593240740740741 0.17405280528052805 0.20012962962962963 0.1704290429042904
9 0.7568518518518518 0.412013201320132 0.2218796296296295 0.15155115511551154
9 0.28250000000000003 0.8732211221122113 0.1983240740740741 0.15172937293729366
10 0.49986111111111114 0.375016501650165 0.14565740740740735 0.09583498349834987
48 0.2124444444444445 0.5977491749174918 0.24634259259259256 0.1589306930693069