9 0.45472222222222225 0.17940594059405943 0.13537962962962963 0.15313531353135312
10 0.4548148148148148 0.6306732673267327 0.2081574074074074 0.16403960396039605
10 0.2789814814814815 0.8736039603960396 0.19685185185185183 0.1448052805280528
10 0.23212962962962963 0.13376897689768977 0.18316666666666667 0.13499009900990097
9 0.24583333333333332 0.6336633663366337 0.19537962962962963 0.15603960396039604
43 0.7844722222222222 0.4066666666666667 0.2055 0.17345874587458748
43 0.7406759259259259 0.17405280528052805 0.20012962962962963 0.17042904290429042
9 0.24314814814814817 0.412013201320132 0.22187962962962962 0.15155115511551154
9 0.7175 0.8732211221122113 0.19832407407407407 0.15172937293729374
10 0.5001388888888889 0.375016501650165 0.1456574074074074 0.09583498349834983
48 0.7875555555555555 0.5977491749174918 0.2463425925925926 0.15893069306930693