11 0.7777222222222223 0.17932673267326732 0.2790648148148148 0.1517887788778878
11 0.20646296296296296 0.4113927392739274 0.2545555555555556 0.15411881188118812
11 0.7959907407407407 0.6494323432343234 0.24379629629629632 0.14598019801980197
11 0.8157777777777777 0.8864686468646865 0.20469444444444443 0.1364026402640264
112 0.18460185185185185 0.18736633663366337 0.17225000000000001 0.13461386138613862
112 0.1578888888888889 0.8896435643564357 0.1555648148148148 0.1295973597359736
38 0.4677962962962963 0.35361716171617164 0.10219444444444445 0.10988118811881188
38 0.3905185185185185 0.5765610561056106 0.16037037037037036 0.12132013201320133
38 0.3730277777777778 0.8173597359735973 0.13803703703703704 0.12377557755775578
38 0.43256481481481485 0.8118283828382838 0.10206481481481482 0.13271287128712872
38 0.6661296296296296 0.8136303630363036 0.14707407407407408 0.1333135313531353
37 0.6564074074074073 0.3644620462046204 0.15162962962962961 0.10376237623762376
39 0.19069444444444444 0.608963696369637 0.10580555555555556 0.0715049504950495
39 0.576037037037037 0.5937095709570958 0.1226111111111111 0.0721056105610561
39 0.5125555555555555 0.8437029702970297 0.10787037037037037 0.07346534653465346