11 0.22227777777777774 0.17932673267326732 0.2790648148148148 0.1517887788778878
11 0.793537037037037 0.4113927392739274 0.25455555555555565 0.15411881188118812
11 0.2040092592592593 0.6494323432343234 0.24379629629629626 0.14598019801980203
11 0.18422222222222226 0.8864686468646865 0.2046944444444444 0.13640264026402646
112 0.8153981481481481 0.18736633663366337 0.17225 0.13461386138613862
112 0.8421111111111111 0.8896435643564357 0.1555648148148148 0.1295973597359737
38 0.5322037037037036 0.35361716171617164 0.10219444444444434 0.1098811881188119
38 0.6094814814814815 0.5765610561056106 0.1603703703703704 0.12132013201320128
38 0.6269722222222223 0.8173597359735973 0.13803703703703696 0.12377557755775577
38 0.5674351851851851 0.8118283828382838 0.10206481481481483 0.13271287128712866
38 0.33387037037037043 0.8136303630363036 0.1470740740740741 0.13331353135313517
37 0.3435925925925926 0.3644620462046204 0.15162962962962961 0.1037623762376238
39 0.8093055555555555 0.608963696369637 0.10580555555555554 0.07150495049504946
39 0.423962962962963 0.5937095709570958 0.12261111111111113 0.0721056105610561
39 0.4874444444444445 0.8437029702970297 0.10787037037037037 0.07346534653465359