10 0.3558148148148148 0.17656765676567657 0.17022222222222222 0.1603960396039604
10 0.3436018518518518 0.4221848184818482 0.20133333333333334 0.13677887788778878
10 0.7918703703703704 0.41914191419141916 0.17196296296296296 0.15841584158415842
33 0.20351851851851852 0.1848184818481848 0.12118518518518519 0.14521452145214522
33 0.15585185185185185 0.4381584158415841 0.14450925925925925 0.10535313531353137
33 0.5534722222222223 0.41188118811881186 0.20257407407407407 0.1491749174917492
33 0.18546296296296297 0.6485148514851485 0.15544444444444444 0.1471947194719472
33 0.14981481481481482 0.9023102310231023 0.16008333333333333 0.10825082508250825
33 0.5983796296296297 0.8877887788778878 0.14053703703703704 0.1438943894389439
10 0.38728703703703704 0.634983498349835 0.15725 0.17425742574257425
10 0.35950925925925925 0.8841584158415842 0.27575925925925926 0.1471947194719472
10 0.7877037037037037 0.8745874587458746 0.15252777777777776 0.1782178217821782