39 0.4363148148148148 0.1653135313531353 0.11674074074074074 0.0841848184818482
39 0.6229259259259259 0.3605016501650165 0.1559074074074074 0.11197359735973597
38 0.22866666666666668 0.12833003300330031 0.10788888888888888 0.14504290429042904
38 0.336537037037037 0.5703630363036304 0.19614814814814815 0.11457425742574258
38 0.5432777777777777 0.5979141914191419 0.16494444444444442 0.1385940594059406
11 0.7694629629629629 0.18735973597359737 0.29600925925925925 0.13524752475247526
11 0.830787037037037 0.4390693069306931 0.17435185185185187 0.09924092409240924
11 0.8299444444444445 0.6645610561056106 0.17577777777777778 0.1168910891089109
11 0.6286296296296295 0.8746270627062706 0.1859814814814815 0.1623960396039604
112 0.16368518518518518 0.42772937293729374 0.1620277777777778 0.12122112211221123
112 0.1557777777777778 0.6622376237623762 0.14564814814814817 0.12067326732673267
112 0.18765740740740738 0.8681848184818481 0.12405555555555554 0.17435643564356434
37 0.3245462962962963 0.3442376237623762 0.11617592592592592 0.12022442244224421
37 0.47152777777777777 0.3453795379537954 0.09664814814814815 0.11368316831683167