39 0.5636851851851852 0.1653135313531353 0.11674074074074067 0.08418481848184818
39 0.37707407407407406 0.3605016501650165 0.1559074074074074 0.111973597359736
38 0.7713333333333333 0.12833003300330031 0.10788888888888887 0.14504290429042904
38 0.6634629629629629 0.5703630363036304 0.19614814814814807 0.11457425742574252
38 0.4567222222222222 0.5979141914191419 0.16494444444444437 0.1385940594059406
11 0.23053703703703704 0.18735973597359737 0.2960092592592593 0.13524752475247523
11 0.16921296296296295 0.4390693069306931 0.17435185185185184 0.09924092409240919
11 0.17005555555555552 0.6645610561056106 0.1757777777777778 0.11689108910891091
11 0.3713703703703704 0.8746270627062706 0.1859814814814815 0.16239603960396054
112 0.8363148148148148 0.42772937293729374 0.1620277777777778 0.12122112211221128
112 0.8442222222222222 0.6622376237623762 0.1456481481481481 0.12067326732673271
112 0.8123425925925927 0.8681848184818481 0.12405555555555557 0.17435643564356443
37 0.6754537037037037 0.3442376237623762 0.11617592592592595 0.12022442244224418
37 0.5284722222222222 0.3453795379537954 0.09664814814814825 0.1136831683168317