31 0.18397222222222223 0.18168976897689768 0.2144074074074074 0.14994719471947193
31 0.6144999999999999 0.17250165016501648 0.22907407407407407 0.1678877887788779
31 0.7686851851851851 0.3831155115511551 0.21582407407407408 0.24917491749174916
31 0.4152592592592593 0.5783894389438944 0.19906481481481483 0.15017821782178217
31 0.8315648148148148 0.6447194719471947 0.16720370370370372 0.15566336633663366
31 0.5900740740740741 0.844013201320132 0.284787037037037 0.22267326732673268
105 0.3270648148148148 0.869914191419142 0.11962037037037036 0.16556435643564357
105 0.6791944444444444 0.6746402640264026 0.1340648148148148 0.09405940594059406
105 0.21319444444444444 0.6507128712871287 0.1529537037037037 0.16721452145214522
105 0.3568148148148148 0.36726072607260724 0.1471111111111111 0.10194719471947195
105 0.37174074074074076 0.20627062706270627 0.15711111111111112 0.1001122112211221
105 0.769537037037037 0.20214521452145215 0.14312962962962963 0.10836303630363035