7 0.4472777777777777 0.12431023102310233 0.3577870370370371 0.19141914191419143
7 0.5774166666666667 0.37477227722772277 0.5296018518518518 0.24642244224422438
33 0.8680000000000001 0.17675247524752474 0.09248148148148158 0.11440924092409244
10 0.7666759259259259 0.15804620462046204 0.08937037037037035 0.12394719471947192
97 0.7296296296296296 0.17454785478547855 0.056703703703703714 0.06454125412541252
97 0.5917870370370371 0.6747326732673268 0.10612037037037028 0.05427062706270622
97 0.2152777777777778 0.9464620462046205 0.1967314814814815 0.05353795379537962
33 0.8475833333333334 0.5920462046204621 0.1929722222222223 0.13751155115511546
33 0.6452962962962964 0.8929240924092409 0.1901574074074073 0.15621782178217827
10 0.6614351851851852 0.5993465346534653 0.2121574074074073 0.15981518151815174
10 0.4061759259259259 0.8857755775577558 0.23217592592592592 0.1646468646864687