7 0.5527222222222222 0.12431023102310232 0.35778703703703707 0.19141914191419143
7 0.4225833333333333 0.37477227722772277 0.5296018518518518 0.2464224422442244
33 0.132 0.17675247524752474 0.09248148148148148 0.11440924092409242
10 0.23332407407407407 0.15804620462046204 0.08937037037037036 0.12394719471947195
97 0.27037037037037037 0.17454785478547855 0.05670370370370371 0.06454125412541255
97 0.40821296296296294 0.6747326732673268 0.10612037037037036 0.05427062706270627
97 0.7847222222222222 0.9464620462046205 0.19673148148148148 0.05353795379537954
33 0.15241666666666667 0.5920462046204621 0.1929722222222222 0.1375115511551155
33 0.3547037037037037 0.8929240924092409 0.19015740740740741 0.15621782178217822
10 0.3385648148148148 0.5993465346534653 0.2121574074074074 0.15981518151815183
10 0.5938240740740741 0.8857755775577558 0.23217592592592592 0.16464686468646864