10 0.7885000000000001 0.1806204620462046 0.1828611111111111 0.17881848184818483
10 0.3750648148148148 0.3989504950495049 0.16294444444444445 0.20179537953795382
10 0.7885000000000001 0.4056435643564356 0.1811759259259259 0.18001980198019804
10 0.6260462962962963 0.6546072607260727 0.1976111111111111 0.1679009900990099
10 0.40679629629629627 0.9024884488448844 0.15305555555555556 0.10681188118811881
10 0.7956296296296296 0.876085808580858 0.21187037037037038 0.162013201320132
97 0.8339444444444444 0.20702310231023102 0.08691666666666667 0.11161056105610562
97 0.2749537037037037 0.4212409240924092 0.07640740740740741 0.1092079207920792
97 0.5254814814814814 0.40264026402640263 0.11125925925925925 0.11281188118811881
97 0.29528703703703707 0.6483630363036303 0.08847222222222222 0.11700990099009902
33 0.5751203703703703 0.19652145214521452 0.20182407407407407 0.1398151815181518
33 0.8229907407407407 0.6660660066006601 0.1268611111111111 0.14521452145214522
17 0.15009259259259258 0.15661386138613861 0.19519444444444445 0.15481848184818484
17 0.21341666666666667 0.6486666666666667 0.13174074074074074 0.1632145214521452
73 0.2847777777777778 0.18151815181518152 0.16169444444444445 0.16381518151815183
73 0.16818518518518516 0.40623762376237627 0.1539537037037037 0.17281848184818482
73 0.6058425925925925 0.40834323432343234 0.16394444444444445 0.1806204620462046
73 0.38814814814814813 0.6552871287128713 0.20073148148148148 0.15575577557755776
73 0.21702777777777776 0.8838877887788779 0.20628703703703702 0.144013201320132
73 0.5814537037037038 0.9033927392739275 0.12894444444444444 0.1074125412541254