17 0.14444444444444443 0.2009108910891089 0.14685185185185184 0.11138613861386139
17 0.1462314814814815 0.4265016501650165 0.15805555555555553 0.12186138613861386
73 0.29686111111111113 0.20563696369636966 0.1345185185185185 0.09951815181518152
73 0.28585185185185186 0.42726732673267326 0.16224074074074074 0.12033663366336633
33 0.44855555555555554 0.43361056105610557 0.14160185185185187 0.10662706270627062
33 0.4567407407407407 0.21299669966996698 0.12807407407407406 0.0847920792079208
10 0.7245 0.1700924092409241 0.3416574074074074 0.17060066006600658
10 0.739462962962963 0.3947722772277228 0.3615925925925926 0.18431023102310232
10 0.16974074074074075 0.6549900990099009 0.14808333333333334 0.15232343234323434
52 0.6949537037037037 0.6961188118811881 0.19282407407407406 0.1716171617161716
10 0.5071481481481481 0.8507260726072606 0.22696296296296298 0.19345214521452145
97 0.37915740740740744 0.8794851485148515 0.09986111111111111 0.13084488448844883
73 0.22850925925925925 0.8740792079207921 0.19733333333333333 0.1721254125412541