31 0.18847222222222224 0.15621782178217822 0.1809074074074074 0.19582178217821783
31 0.6417685185185186 0.1630891089108911 0.13175925925925927 0.180970297029703
31 0.2044814814814815 0.40542574257425745 0.2505925925925926 0.17674587458745875
31 0.6272314814814814 0.3908118811881188 0.1287962962962963 0.20186798679867984
31 0.19687962962962963 0.623960396039604 0.29844444444444446 0.19801980198019803
31 0.6338981481481482 0.6366864686468647 0.21313888888888888 0.17216501650165014
31 0.15475 0.8562376237623762 0.17153703703703702 0.19322772277227723
31 0.6261018518518519 0.8534125412541255 0.1615462962962963 0.18976897689768976
105 0.7834444444444445 0.8802442244224422 0.16639814814814816 0.14125412541254126
105 0.2853611111111111 0.8808250825082509 0.11810185185185185 0.14853465346534653
105 0.41614814814814816 0.6743432343234324 0.14026851851851851 0.12171617161716172
105 0.811175925925926 0.6656501650165016 0.15662037037037038 0.13733333333333334
105 0.3820648148148148 0.38833663366336635 0.0947037037037037 0.14081188118811883
105 0.8473796296296295 0.41914191419141916 0.09699074074074074 0.14521452145214522
105 0.3235277777777778 0.18124092409240922 0.13260185185185186 0.14796699669966995