3 0.19613888888888892 0.1899075907590759 0.20057407407407407 0.1465742574257426
3 0.15187037037037035 0.43788778877887785 0.14012962962962966 0.11350495049504952
112 0.7464166666666666 0.17536633663366338 0.13859259259259266 0.17108250825082505
112 0.8197962962962962 0.42759075907590754 0.19205555555555562 0.12332013201320127
112 0.39775000000000005 0.4161716171617162 0.11797222222222219 0.1542310231023103
112 0.7188518518518519 0.7466996699669967 0.12730555555555556 0.10682508250825092
11 0.5110277777777777 0.17434983498349835 0.2037592592592592 0.1711881188118812
11 0.5949907407407407 0.4297359735973597 0.17874999999999996 0.1192541254125413
11 0.29712962962962963 0.40921452145214526 0.11308333333333333 0.1538349834983498
11 0.32936111111111116 0.7566072607260727 0.2131666666666667 0.19830363036303628
88 0.8266759259259259 0.6948712871287129 0.1455740740740741 0.28799339933993395
115 0.7974722222222222 0.883914191419142 0.14704629629629626 0.1458019801980197
53 0.6614814814814814 0.8945742574257426 0.16315740740740745 0.12665346534653474
94 0.49828703703703703 0.9055115511551155 0.19293518518518524 0.10493729372937295