27 0.5531851851851852 0.39931353135313535 0.16344444444444445 0.17752475247524752
27 0.6356296296296297 0.6359471947194719 0.23723148148148146 0.1721122112211221
9 0.2863981481481481 0.4347854785478548 0.2680277777777778 0.10718811881188117
27 0.2540277777777778 0.14696369636963696 0.17974074074074076 0.23193399339933993
9 0.5138888888888888 0.19251485148514852 0.14749074074074073 0.12417161716171618
9 0.8458703703703704 0.6783432343234324 0.13762037037037037 0.0861914191419142
27 0.4181574074074074 0.8425940594059406 0.14750000000000002 0.225973597359736
9 0.7498703703703704 0.4491287128712871 0.1077037037037037 0.07853465346534654
9 0.3614907407407408 0.6791485148514852 0.1446574074074074 0.09617161716171617
27 0.21256481481481482 0.6137557755775578 0.1441574074074074 0.2291221122112211
9 0.6096574074074074 0.9245940594059406 0.22031481481481482 0.0682046204620462