3 0.803861111111111 0.1899075907590759 0.20057407407407407 0.14657425742574257
3 0.8481296296296297 0.43788778877887785 0.14012962962962963 0.11350495049504951
112 0.2535833333333333 0.17536633663366338 0.1385925925925926 0.17108250825082508
112 0.1802037037037037 0.42759075907590754 0.19205555555555553 0.12332013201320133
112 0.60225 0.4161716171617162 0.11797222222222221 0.15423102310231024
112 0.28114814814814815 0.7466996699669967 0.12730555555555556 0.10682508250825083
11 0.48897222222222225 0.17434983498349835 0.20375925925925925 0.1711881188118812
11 0.4050092592592593 0.4297359735973597 0.17875000000000002 0.11925412541254124
11 0.7028703703703704 0.40921452145214526 0.11308333333333333 0.15383498349834984
11 0.6706388888888889 0.7566072607260727 0.21316666666666667 0.1983036303630363
88 0.17332407407407407 0.6948712871287129 0.14557407407407408 0.287993399339934
115 0.20252777777777778 0.883914191419142 0.14704629629629629 0.1458019801980198
53 0.33851851851851855 0.8945742574257426 0.16315740740740742 0.12665346534653465
94 0.501712962962963 0.9055115511551155 0.19293518518518518 0.10493729372937292