80 0.55225 0.3862838283828383 0.268824074074074 0.3847326732673267
80 0.7611666666666667 0.8146930693069306 0.3489907407407408 0.2934191419141915
80 0.34435185185185185 0.8127788778877887 0.3020000000000001 0.284904290429043
59 0.19237037037037036 0.5564356435643565 0.1753055555555556 0.1415973597359736
56 0.1481944444444444 0.4877887788778878 0.12856481481481483 0.15633663366336628
85 0.33537037037037043 0.5662442244224423 0.19290740740740744 0.1505016501650165
37 0.7953703703703704 0.5271287128712872 0.2603055555555557 0.23058085808580853
37 0.3315925925925926 0.2919075907590759 0.09768518518518518 0.10805940594059409
37 0.14461111111111105 0.34824422442244224 0.12159259259259259 0.15557095709570962
37 0.2722407407407407 0.22199339933993398 0.0859259259259259 0.0896105610561056
37 0.15553703703703706 0.2403168316831683 0.07625000000000001 0.08031683168316828
37 0.20203703703703707 0.28884488448844886 0.08462037037037036 0.10305610561056101