73 0.7774444444444444 0.64809900990099 0.1389629629629629 0.14499669966996698
10 0.22289814814814818 0.8765874587458745 0.2135925925925926 0.15174917491749182
9 0.6253518518518518 0.6481782178217822 0.1625 0.1442112211221122
9 0.22128703703703703 0.6493267326732673 0.15650925925925924 0.13415181518151809
73 0.38037962962962957 0.6457293729372937 0.11185185185185181 0.1406468646864686
9 0.33570370370370367 0.3226600660066007 0.23653703703703707 0.256910891089109
73 0.7377222222222223 0.8686204620462047 0.14520370370370364 0.14194719471947206
73 0.6581111111111111 0.3082178217821782 0.19157407407407415 0.2084620462046205
9 0.5094537037037037 0.8762574257425743 0.1819722222222222 0.14116171617161724
97 0.7358981481481481 0.3501980198019802 0.16516666666666677 0.0834653465346535
97 0.8226018518518519 0.6885214521452144 0.11767592592592585 0.04634323432343237
97 0.4229907407407408 0.6867656765676567 0.1099166666666667 0.05485808580858087
97 0.8110740740740741 0.8948316831683168 0.1176666666666666 0.04062706270627075