10 0.1782037037037037 0.6574389438943894 0.13230555555555554 0.14075247524752477
10 0.5965092592592592 0.18353135313531355 0.2675740740740741 0.1468052805280528
10 0.3600462962962963 0.4084686468646865 0.21814814814814815 0.16733333333333333
33 0.5775925925925925 0.41939933993399336 0.19212037037037039 0.14580858085808582
73 0.3137962962962963 0.16502970297029704 0.14618518518518517 0.14145874587458745
17 0.1547962962962963 0.16326732673267327 0.13305555555555554 0.14404620462046203
109 0.8204537037037037 0.20160396039603962 0.1740925925925926 0.10901650165016502
37 0.7319166666666667 0.8808184818481849 0.32665740740740745 0.1497887788778878
97 0.2455 0.1904950495049505 0.07367592592592592 0.07910891089108911
57 0.4945648148148148 0.8203828382838284 0.259212962962963 0.2056963696369637
71 0.8333796296296296 0.7682640264026404 0.15580555555555556 0.07944554455445545
95 0.8353148148148148 0.6535115511551155 0.16398148148148148 0.1203036303630363
95 0.5254814814814814 0.6453663366336634 0.19512962962962963 0.1278151815181518
37 0.2977962962962963 0.8241452145214521 0.37605555555555553 0.28135313531353134
4 0.1804074074074074 0.8751881188118812 0.15818518518518518 0.1158085808580858
33 0.29756481481481484 0.6588514851485149 0.10301851851851852 0.11381518151815181
10 0.6868888888888889 0.7437227722772277 0.24630555555555556 0.18640924092409242