73 0.22255555555555556 0.6480990099009901 0.13896296296296298 0.14499669966996698
10 0.7771018518518519 0.8765874587458745 0.2135925925925926 0.15174917491749176
9 0.3746481481481482 0.6481782178217822 0.1625 0.1442112211221122
9 0.778712962962963 0.6493267326732673 0.15650925925925926 0.13415181518151817
73 0.6196203703703704 0.6457293729372937 0.11185185185185186 0.14064686468646864
9 0.6642962962962964 0.32266006600660063 0.23653703703703705 0.2569108910891089
73 0.2622777777777778 0.8686204620462047 0.1452037037037037 0.14194719471947195
73 0.3418888888888889 0.3082178217821782 0.1915740740740741 0.20846204620462047
9 0.49054629629629626 0.8762574257425743 0.18197222222222223 0.14116171617161716
97 0.26410185185185187 0.3501980198019802 0.16516666666666666 0.08346534653465347
97 0.17739814814814814 0.6885214521452144 0.11767592592592593 0.04634323432343234
97 0.5770092592592592 0.6867656765676567 0.10991666666666666 0.054858085808580856
97 0.1889259259259259 0.8948316831683168 0.11766666666666667 0.040627062706270624