10 0.8217962962962962 0.6574389438943894 0.13230555555555543 0.14075247524752468
10 0.4034907407407407 0.18353135313531355 0.2675740740740741 0.14680528052805278
10 0.6399537037037036 0.4084686468646865 0.21814814814814806 0.16733333333333333
33 0.42240740740740745 0.41939933993399336 0.19212037037037039 0.14580858085808587
73 0.6862037037037038 0.16502970297029704 0.14618518518518508 0.14145874587458745
17 0.8452037037037037 0.16326732673267327 0.1330555555555556 0.14404620462046203
109 0.17954629629629626 0.20160396039603962 0.17409259259259258 0.10901650165016499
37 0.2680833333333333 0.8808184818481849 0.3266574074074074 0.1497887788778877
97 0.7545000000000001 0.1904950495049505 0.07367592592592587 0.07910891089108912
57 0.5054351851851852 0.8203828382838284 0.259212962962963 0.20569636963696378
71 0.16662037037037042 0.7682640264026404 0.15580555555555553 0.07944554455445553
95 0.16468518518518518 0.6535115511551155 0.1639814814814815 0.1203036303630363
95 0.47451851851851856 0.6453663366336634 0.19512962962962963 0.12781518151815174
37 0.7022037037037037 0.8241452145214521 0.37605555555555564 0.28135313531353134
4 0.8195925925925925 0.8751881188118812 0.15818518518518512 0.1158085808580857
33 0.7024351851851852 0.6588514851485149 0.10301851851851851 0.11381518151815186
10 0.31311111111111106 0.7437227722772277 0.24630555555555556 0.1864092409240924