80 0.44775 0.3862838283828383 0.26882407407407405 0.38473267326732674
80 0.23883333333333334 0.8146930693069306 0.34899074074074077 0.2934191419141914
80 0.6556481481481482 0.8127788778877887 0.30200000000000005 0.2849042904290429
59 0.8076296296296296 0.5564356435643565 0.17530555555555558 0.1415973597359736
56 0.8518055555555556 0.4877887788778878 0.1285648148148148 0.15633663366336634
85 0.6646296296296296 0.5662442244224423 0.19290740740740742 0.1505016501650165
37 0.20462962962962963 0.5271287128712872 0.26030555555555557 0.23058085808580858
37 0.6684074074074075 0.2919075907590759 0.09768518518518518 0.10805940594059406
37 0.855388888888889 0.34824422442244224 0.12159259259259259 0.15557095709570956
37 0.7277592592592593 0.22199339933993398 0.08592592592592592 0.0896105610561056
37 0.844462962962963 0.2403168316831683 0.07625 0.08031683168316832
37 0.7979629629629629 0.28884488448844886 0.08462037037037037 0.10305610561056106