98 0.732037037037037 0.16006600660066006 0.32087037037037036 0.22662046204620456
98 0.31496296296296294 0.38943894389438943 0.36349999999999993 0.20902310231023108
98 0.7374074074074074 0.6325610561056106 0.2577685185185186 0.21671947194719474
10 0.41725 0.1916963696369637 0.16339814814814818 0.15016501650165018
10 0.5534074074074075 0.427940594059406 0.1582870370370371 0.15951815181518156
10 0.4361574074074074 0.6663894389438944 0.1857777777777777 0.15346534653465338
10 0.4242037037037037 0.8798151815181519 0.21893518518518523 0.1644686468646865
33 0.24751851851851855 0.1941716171617162 0.1386759259259259 0.1353135313531353
33 0.6599814814814815 0.42113531353135314 0.15477777777777785 0.14452805280528055
33 0.2513703703703704 0.66996699669967 0.10936111111111112 0.13421122112211217
33 0.23283333333333336 0.8902640264026402 0.19771296296296295 0.14466666666666672