98 0.26796296296296296 0.16006600660066006 0.3208703703703704 0.22662046204620462
98 0.6850370370370371 0.38943894389438943 0.3635 0.20902310231023102
98 0.2625925925925926 0.6325610561056106 0.2577685185185185 0.2167194719471947
10 0.58275 0.1916963696369637 0.16339814814814815 0.15016501650165018
10 0.4465925925925926 0.427940594059406 0.15828703703703703 0.1595181518151815
10 0.5638425925925926 0.6663894389438945 0.18577777777777776 0.15346534653465346
10 0.5757962962962964 0.8798151815181519 0.21893518518518518 0.16446864686468646
33 0.7524814814814814 0.1941716171617162 0.13867592592592592 0.1353135313531353
33 0.34001851851851855 0.42113531353135314 0.15477777777777776 0.14452805280528053
33 0.7486296296296296 0.66996699669967 0.10936111111111112 0.13421122112211223
33 0.7671666666666667 0.8902640264026402 0.19771296296296295 0.14466666666666667