80 0.2214722222222222 0.1807128712871287 0.27096296296296296 0.30295049504950494
80 0.23983333333333332 0.46835643564356433 0.0991851851851852 0.14257425742574256
59 0.6903981481481481 0.2666732673267327 0.16383333333333333 0.1304950495049505
59 0.40287962962962964 0.5187128712871287 0.06501851851851852 0.06064686468646864
56 0.8449259259259259 0.27334653465346537 0.1590648148148148 0.11794059405940595
56 0.448037037037037 0.5078745874587458 0.057805555555555554 0.05943894389438944
85 0.34558333333333335 0.523042904290429 0.07541666666666667 0.05778877887788779
85 0.4813055555555555 0.2666204620462046 0.1816111111111111 0.13015181518151817
37 0.5011296296296297 0.6770693069306931 0.134 0.200990099009901
37 0.5671851851851851 0.42472607260726075 0.04364814814814815 0.08266006600660067
37 0.6798981481481481 0.4241188118811881 0.062120370370370374 0.08300990099009901
37 0.7748611111111111 0.4523498349834983 0.0490925925925926 0.0871023102310231
37 0.7419814814814815 0.5746864686468647 0.07010185185185185 0.15005280528052806
37 0.8929351851851852 0.5705478547854785 0.06147222222222222 0.157009900990099
37 0.6485185185185185 0.6953069306930694 0.20089814814814816 0.19116171617161717
37 0.8224814814814815 0.7931947194719472 0.20107407407407407 0.2825280528052805
37 0.2749537037037037 0.7851089108910891 0.38213888888888886 0.33927392739273926
37 0.14931481481481482 0.5773663366336634 0.12962962962962962 0.16052145214521452
37 0.9012592592592593 0.45196699669967 0.044592592592592586 0.0886996699669967