80 0.7785277777777777 0.1807128712871287 0.27096296296296285 0.30295049504950494
80 0.7601666666666667 0.46835643564356433 0.09918518518518508 0.14257425742574256
59 0.30960185185185185 0.2666732673267327 0.16383333333333336 0.13049504950495053
59 0.5971203703703704 0.5187128712871287 0.06501851851851854 0.06064686468646857
56 0.1550740740740741 0.27334653465346537 0.15906481481481477 0.11794059405940598
56 0.551962962962963 0.5078745874587458 0.05780555555555562 0.05943894389438941
85 0.6544166666666666 0.523042904290429 0.07541666666666672 0.05778877887788776
85 0.5186944444444445 0.2666204620462046 0.18161111111111106 0.1301518151815181
37 0.49887037037037035 0.6770693069306931 0.13400000000000004 0.200990099009901
37 0.4328148148148149 0.42472607260726075 0.04364814814814814 0.08266006600660067
37 0.32010185185185186 0.4241188118811881 0.0621203703703704 0.083009900990099
37 0.22513888888888886 0.4523498349834983 0.04909259259259258 0.08710231023102312
37 0.2580185185185185 0.5746864686468647 0.07010185185185186 0.150052805280528
37 0.10706481481481481 0.5705478547854785 0.06147222222222221 0.1570099009900991
37 0.3514814814814815 0.6953069306930694 0.2008981481481482 0.19116171617161726
37 0.17751851851851855 0.7931947194719472 0.20107407407407404 0.2825280528052804
37 0.7250462962962962 0.7851089108910891 0.3821388888888889 0.33927392739273926
37 0.8506851851851852 0.5773663366336634 0.12962962962962962 0.16052145214521454
37 0.09874074074074073 0.45196699669967 0.04459259259259258 0.08869966996699677