84 0.5591018518518519 0.9030627062706271 0.13222222222222224 0.10415181518151814
44 0.2822592592592592 0.1406996699669967 0.40974074074074074 0.19025742574257426
44 0.24987037037037038 0.42519471947194715 0.3434074074074074 0.1353135313531353
44 0.2621759259259259 0.283986798679868 0.36819444444444444 0.3171551155115512
44 0.5753055555555556 0.12007920792079207 0.5393148148148148 0.21968316831683168
44 0.2582407407407407 0.8187590759075908 0.36077777777777775 0.17986798679867988
44 0.23844444444444443 0.8710957095709572 0.32010185185185186 0.16883168316831684
44 0.2079074074074074 0.574125412541254 0.26084259259259257 0.13667986798679868
44 0.35276851851851854 0.5614719471947195 0.29321296296296295 0.12952475247524753
84 0.4936851851851851 0.6867458745874588 0.24799074074074073 0.09735973597359736
84 0.6160925925925926 0.3489042904290429 0.25283333333333335 0.27246864686468647