84 0.4408981481481481 0.9030627062706271 0.13222222222222219 0.10415181518151813
44 0.7177407407407408 0.14069966996699668 0.40974074074074074 0.19025742574257426
44 0.7501296296296296 0.42519471947194715 0.3434074074074073 0.1353135313531353
44 0.7378240740740741 0.283986798679868 0.3681944444444443 0.3171551155115512
44 0.42469444444444443 0.12007920792079207 0.5393148148148148 0.21968316831683168
44 0.7417592592592592 0.8187590759075908 0.36077777777777786 0.17986798679867988
44 0.7615555555555555 0.8710957095709572 0.32010185185185186 0.16883168316831695
44 0.7920925925925927 0.574125412541254 0.2608425925925926 0.13667986798679863
44 0.6472314814814815 0.5614719471947195 0.293212962962963 0.12952475247524753
84 0.5063148148148149 0.6867458745874588 0.24799074074074068 0.09735973597359736
84 0.3839074074074074 0.3489042904290429 0.2528333333333333 0.27246864686468647