43 0.6760277777777778 0.4103366336633663 0.13306481481481483 0.1733003300330033
43 0.3271111111111111 0.6414455445544555 0.18513888888888888 0.17988778877887787
43 0.3547222222222222 0.8583564356435645 0.17957407407407408 0.18082508250825083
71 0.6789907407407407 0.12636963696369635 0.19392592592592592 0.20357095709570958
71 0.3920740740740741 0.35588118811881186 0.2418703703703704 0.12651485148514852
71 0.7603333333333333 0.38943894389438943 0.1537777777777778 0.11440924092409242
71 0.2140185185185185 0.6404026402640264 0.0899537037037037 0.17024422442244225
71 0.7492129629629629 0.625960396039604 0.10325000000000001 0.16006600660066006
71 0.6302037037037037 0.8377359735973597 0.2464074074074074 0.14081188118811883
43 0.17941666666666667 0.42720132013201323 0.1555462962962963 0.12651485148514852
43 0.8395370370370371 0.6087656765676568 0.16597222222222222 0.17848184818481846