109 0.5968055555555555 0.42524092409240927 0.12993518518518513 0.13251485148514852
1 0.8306111111111111 0.11372277227722771 0.14307407407407405 0.15435643564356433
73 0.7193425925925926 0.18506930693069307 0.14981481481481476 0.13353135313531353
95 0.14301851851851854 0.1721188118811881 0.0966388888888889 0.09645544554455446
73 0.3061018518518519 0.8624092409240923 0.15506481481481485 0.18329372937293734
1 0.406 0.10458745874587458 0.14903703703703708 0.15027722772277224
1 0.13910185185185187 0.321016501650165 0.09733333333333334 0.11296369636963695
1 0.7934074074074075 0.5968580858085809 0.15125925925925918 0.16906270627062714
1 0.41435185185185186 0.5943168316831683 0.1842685185185185 0.1614521452145214
1 0.7944629629629629 0.8089570957095709 0.15551851851851856 0.1495181518151815
57 0.48467592592592595 0.4112739273927393 0.1305092592592593 0.1680660066006601
10 0.3487222222222222 0.44656105610561053 0.16022222222222218 0.09139273927392742
9 0.20709259259259255 0.42536633663366336 0.15005555555555553 0.12058745874587462
64 0.8457314814814815 0.41685148514851483 0.12853703703703698 0.1335247524752475
4 0.7198703703703704 0.4447854785478548 0.11529629629629629 0.08530033003300332