109 0.4031944444444444 0.42524092409240927 0.1299351851851852 0.13251485148514852
1 0.1693888888888889 0.11372277227722771 0.14307407407407408 0.15435643564356435
73 0.2806574074074074 0.18506930693069307 0.14981481481481482 0.13353135313531353
95 0.8569814814814815 0.1721188118811881 0.0966388888888889 0.09645544554455446
73 0.6938981481481481 0.8624092409240923 0.15506481481481482 0.18329372937293728
1 0.594 0.10458745874587458 0.14903703703703705 0.15027722772277227
1 0.8608981481481481 0.321016501650165 0.09733333333333334 0.11296369636963695
1 0.2065925925925926 0.5968580858085809 0.15125925925925926 0.16906270627062706
1 0.5856481481481481 0.5943168316831683 0.1842685185185185 0.16145214521452145
1 0.20553703703703702 0.8089570957095709 0.15551851851851853 0.14951815181518152
57 0.515324074074074 0.4112739273927393 0.13050925925925924 0.16806600660066007
10 0.6512777777777777 0.44656105610561053 0.1602222222222222 0.0913927392739274
9 0.7929074074074074 0.42536633663366336 0.15005555555555555 0.12058745874587459
64 0.15426851851851853 0.41685148514851483 0.12853703703703703 0.13352475247524753
4 0.2801296296296297 0.4447854785478548 0.1152962962962963 0.08530033003300329