10 0.2140185185185185 0.8698349834983498 0.13293518518518518 0.12812541254125415
10 0.3431296296296296 0.40536633663366334 0.11709259259259258 0.1435247524752475
10 0.4773981481481482 0.16247524752475248 0.1658425925925926 0.14993399339933994
73 0.18214814814814814 0.1690825082508251 0.10839814814814815 0.1473927392739274
73 0.7279444444444444 0.4076501650165017 0.16830555555555557 0.13127392739273927
9 0.20351851851851852 0.6519471947194719 0.14479629629629628 0.13385478547854784
9 0.6429166666666667 0.878983498349835 0.14276851851851852 0.12416501650165017
9 0.2231388888888889 0.41122112211221123 0.10551851851851851 0.13697029702970295
9 0.6460277777777778 0.6533993399339934 0.14330555555555557 0.12474587458745875
73 0.7363240740740741 0.20081188118811882 0.12787037037037036 0.10845544554455445
10 0.36419444444444443 0.6637821782178218 0.16948148148148148 0.11368316831683167
9 0.3330740740740741 0.16586798679867987 0.11112962962962962 0.14084488448844884
97 0.16280555555555556 0.21637623762376237 0.10108333333333333 0.04950495049504951
97 0.7953611111111111 0.42052805280528055 0.06596296296296296 0.08985478547854785