84 0.36130555555555555 0.6196963696369637 0.16810185185185186 0.21514191419141915
103 0.861175925925926 0.4364620462046205 0.20956481481481481 0.11354455445544555
103 0.6529351851851851 0.622990099009901 0.14747222222222223 0.18976237623762376
84 0.6533611111111111 0.41967656765676564 0.21088888888888888 0.14662046204620463
84 0.3215925925925926 0.18643564356435643 0.34074074074074073 0.1631287128712871
103 0.4215833333333333 0.42369636963696367 0.21730555555555556 0.14113531353135314
84 0.2649722222222222 0.8332013201320132 0.23374999999999999 0.162
84 0.15827777777777777 0.416996699669967 0.2099814814814815 0.17491089108910893
103 0.6067037037037037 0.20003960396039605 0.17941666666666667 0.11287128712871287
6 0.7738148148148148 0.19813861386138615 0.13742592592592592 0.11683168316831684
79 0.8660555555555556 0.17745214521452143 0.10217592592592592 0.15775577557755777
6 0.8732962962962962 0.6240924092409241 0.08954629629629629 0.18943894389438945
103 0.45560185185185187 0.8415841584158416 0.2293148148148148 0.15445544554455445
6 0.6556481481481482 0.9056105610561056 0.18708333333333335 0.09768976897689768
79 0.7758611111111111 0.8689768976897689 0.17487962962962963 0.17170957095709571
37 0.8486203703703704 0.892976897689769 0.13809259259259257 0.12409240924092409