10 0.35559259259259257 0.44452805280528057 0.11890740740740736 0.09219141914191424
61 0.7075185185185185 0.19102970297029703 0.17213888888888895 0.13054125412541254
10 0.5901944444444445 0.6616171617161717 0.13224999999999992 0.08490429042904282
10 0.8044537037037036 0.42605940594059405 0.12102777777777782 0.08132673267326736
61 0.6887777777777778 0.6348184818481848 0.16303703703703698 0.1576435643564356
61 0.6187962962962963 0.39326072607260726 0.17962037037037037 0.14328052805280525
61 0.1705740740740741 0.4228316831683169 0.17497222222222225 0.13569636963696366
10 0.8607777777777778 0.2146732673267327 0.11855555555555553 0.08264686468646867
61 0.35084259259259254 0.8626798679867987 0.18074074074074079 0.13986798679867993
10 0.3578425925925926 0.9304092409240924 0.10953703703703699 0.04888448844884485
10 0.7610462962962964 0.9073135313531353 0.09099074074074072 0.07598679867986792
10 0.3526759259259259 0.6251023102310231 0.07990740740740737 0.11986798679867981
61 0.7989537037037037 0.8328448844884488 0.19236111111111112 0.12448844884488443
10 0.29874074074074075 0.12618481848184818 0.051648148148148124 0.030739273927392733
61 0.24233333333333335 0.1139009900990099 0.0812314814814815 0.052435643564356434
61 0.3453703703703704 0.5544224422442244 0.2512222222222222 0.10080528052805282