10 0.6444074074074074 0.44452805280528057 0.11890740740740739 0.09219141914191419
61 0.29248148148148145 0.19102970297029703 0.1721388888888889 0.13054125412541254
10 0.40980555555555553 0.6616171617161717 0.13225 0.0849042904290429
10 0.1955462962962963 0.42605940594059405 0.12102777777777779 0.08132673267326732
61 0.31122222222222223 0.6348184818481848 0.16303703703703704 0.15764356435643564
61 0.3812037037037037 0.39326072607260726 0.17962037037037037 0.14328052805280528
61 0.8294259259259259 0.4228316831683169 0.17497222222222222 0.13569636963696372
10 0.13922222222222225 0.2146732673267327 0.11855555555555555 0.08264686468646865
61 0.6491574074074075 0.8626798679867987 0.18074074074074073 0.13986798679867987
10 0.6421574074074073 0.9304092409240924 0.10953703703703703 0.04888448844884489
10 0.2389537037037037 0.9073135313531353 0.09099074074074073 0.07598679867986799
10 0.6473240740740741 0.6251023102310231 0.0799074074074074 0.11986798679867987
61 0.20104629629629628 0.8328448844884488 0.19236111111111112 0.12448844884488448
10 0.7012592592592592 0.12618481848184818 0.05164814814814815 0.03073927392739274
61 0.7576666666666666 0.1139009900990099 0.08123148148148149 0.052435643564356434
61 0.6546296296296297 0.5544224422442244 0.25122222222222224 0.1008052805280528