10 0.34587962962962965 0.18051485148514854 0.14591666666666667 0.13854785478547854
9 0.21038888888888888 0.18535973597359737 0.1225925925925926 0.13386138613861387
73 0.29150925925925925 0.41829702970297034 0.1231574074074074 0.11935313531353135
64 0.5138796296296296 0.6656171617161716 0.13566666666666669 0.11007260726072607
73 0.649425925925926 0.19357755775577556 0.1452037037037037 0.11407260726072607
10 0.646425925925926 0.8792475247524753 0.16568518518518519 0.12361056105610561
73 0.15769444444444444 0.8832607260726073 0.13141666666666668 0.10774917491749175
64 0.3901296296296296 0.8724620462046204 0.11750000000000001 0.10315511551155115
9 0.7963888888888889 0.8870957095709572 0.15599074074074074 0.11367656765676568
73 0.23178703703703704 0.6623960396039604 0.14024074074074075 0.11245544554455446
97 0.8042685185185185 0.6362838283828383 0.16852777777777778 0.12350495049504952
97 0.126 0.6819075907590758 0.08348148148148148 0.0719075907590759
64 0.6295000000000001 0.4155049504950495 0.16287962962962962 0.1199141914191419
97 0.5462777777777778 0.21493729372937292 0.08385185185185186 0.07177557755775577
97 0.7125648148148148 0.857861386138614 0.060259259259259255 0.09321452145214522
97 0.16952777777777778 0.4314125412541254 0.08331481481481481 0.07118151815181518