10 0.18772222222222223 0.6806930693069307 0.16790740740740745 0.0901518151815181
61 0.3943240740740741 0.8845940594059406 0.24144444444444443 0.14304950495049493
10 0.6514537037037036 0.9177095709570957 0.16140740740740736 0.07603960396039591
61 0.40116666666666667 0.41657425742574256 0.16967592592592592 0.14966996699669968
10 0.6220185185185185 0.6868580858085808 0.12388888888888884 0.07596699669966998
10 0.6669629629629629 0.4561650165016502 0.12294444444444443 0.0703234323432343
61 0.7973425925925925 0.6472673267326732 0.17367592592592587 0.15559735973597352
61 0.7838518518518518 0.1820924092409241 0.18769444444444447 0.15073267326732676
61 0.82975 0.8763894389438944 0.1746944444444445 0.15851485148514857
10 0.15943518518518524 0.9113861386138614 0.1272222222222222 0.08988118811881193
61 0.41691666666666666 0.6466204620462046 0.18395370370370373 0.1566336633663366
10 0.23008333333333333 0.45106270627062706 0.1224537037037037 0.08141914191419136
61 0.802611111111111 0.4207392739273927 0.20595370370370375 0.14121452145214525
61 0.3048240740740741 0.15759075907590758 0.10674074074074072 0.1368448844884488
10 0.253287037037037 0.18242244224422444 0.08498148148148145 0.08138613861386138
10 0.6546111111111111 0.2200990099009901 0.12187037037037027 0.07462706270627066