10 0.8122777777777778 0.6806930693069307 0.16790740740740742 0.09015181518151816
61 0.6056759259259259 0.8845940594059406 0.24144444444444443 0.14304950495049504
10 0.3485462962962963 0.9177095709570957 0.1614074074074074 0.07603960396039604
61 0.5988333333333333 0.41657425742574256 0.16967592592592592 0.14966996699669968
10 0.37798148148148153 0.6868580858085808 0.1238888888888889 0.07596699669966997
10 0.333037037037037 0.4561650165016502 0.12294444444444444 0.07032343234323432
61 0.20265740740740742 0.6472673267326733 0.17367592592592593 0.15559735973597358
61 0.21614814814814814 0.1820924092409241 0.18769444444444444 0.15073267326732676
61 0.17025 0.8763894389438944 0.17469444444444443 0.15851485148514852
10 0.8405648148148147 0.9113861386138614 0.12722222222222224 0.08988118811881188
61 0.5830833333333334 0.6466204620462046 0.1839537037037037 0.15663366336633663
10 0.7699166666666667 0.45106270627062706 0.1224537037037037 0.08141914191419142
61 0.1973888888888889 0.4207392739273927 0.20595370370370372 0.14121452145214522
61 0.6951759259259259 0.15759075907590758 0.10674074074074075 0.13684488448844884
10 0.746712962962963 0.18242244224422444 0.08498148148148148 0.08138613861386139
10 0.34538888888888886 0.2200990099009901 0.12187037037037038 0.07462706270627063