10 0.3873888888888889 0.6423036303630363 0.16262037037037036 0.12668646864686472
10 0.8146944444444445 0.6344422442244224 0.18218518518518517 0.14017821782178225
73 0.6530925925925926 0.6404686468646864 0.17437037037037031 0.13563696369636957
10 0.26185185185185184 0.2061122112211221 0.1346111111111111 0.10017161716171616
10 0.8497962962962963 0.8887128712871287 0.11487962962962957 0.09764356435643554
73 0.7051481481481481 0.8744026402640265 0.10023148148148148 0.09170297029702959
61 0.1579259259259259 0.6069108910891089 0.14908333333333332 0.22051485148514846
73 0.13440740740740736 0.17937293729372938 0.08594444444444443 0.0863036303630363
61 0.23859259259259255 0.8565808580858086 0.20337037037037037 0.1931089108910891
61 0.4115740740740741 0.16708250825082507 0.19568518518518516 0.17854125412541255
10 0.6651111111111111 0.18007260726072608 0.07415740740740732 0.082996699669967
61 0.7710277777777778 0.14615181518151815 0.0980648148148149 0.1342244224422442