10 0.6126111111111111 0.6423036303630363 0.16262037037037036 0.1266864686468647
10 0.18530555555555556 0.6344422442244224 0.18218518518518517 0.1401782178217822
73 0.34690740740740744 0.6404686468646864 0.17437037037037037 0.13563696369636966
10 0.7381481481481482 0.2061122112211221 0.1346111111111111 0.10017161716171616
10 0.1502037037037037 0.8887128712871287 0.11487962962962962 0.09764356435643565
73 0.29485185185185186 0.8744026402640265 0.10023148148148148 0.0917029702970297
61 0.8420740740740741 0.6069108910891089 0.14908333333333332 0.22051485148514852
73 0.8655925925925926 0.17937293729372938 0.08594444444444443 0.0863036303630363
61 0.7614074074074074 0.8565808580858086 0.20337037037037037 0.19310891089108911
61 0.5884259259259259 0.16708250825082507 0.19568518518518518 0.17854125412541255
10 0.3348888888888889 0.18007260726072608 0.07415740740740741 0.08299669966996699
61 0.22897222222222222 0.14615181518151815 0.09806481481481481 0.13422442244224422