7 0.21717592592592594 0.3805280528052805 0.27085185185185184 0.22112211221122113
43 0.6202407407407408 0.4261650165016502 0.22869444444444445 0.1288910891089109
57 0.8134444444444444 0.43655445544554455 0.18547222222222223 0.10611881188118813
36 0.82425 0.3531947194719472 0.19421296296296298 0.08328712871287129
98 0.7710370370370371 0.10416501650165017 0.33808333333333335 0.16444884488448844
98 0.805324074074074 0.8429042904290429 0.27705555555555555 0.22706270627062705
73 0.544212962962963 0.8966996699669967 0.16369444444444445 0.11947194719471947
73 0.6011574074074074 0.636963696369637 0.17386111111111113 0.1768976897689769
73 0.6053148148148149 0.22046204620462045 0.1729351851851852 0.16105610561056105
9 0.7298055555555556 0.22673267326732674 0.17375925925925925 0.15247524752475247
9 0.8006666666666666 0.6481848184818482 0.20251851851851851 0.15181518151815182
10 0.2063148148148148 0.8887788778877888 0.2658055555555556 0.14587458745874587
10 0.2683148148148148 0.6511551155115511 0.2322685185185185 0.17755775577557756
10 0.3419259259259259 0.25577557755775576 0.198 0.19603960396039605
17 0.8352037037037037 0.26572277227722774 0.17234259259259258 0.1736963696369637