7 0.7828240740740741 0.3805280528052805 0.27085185185185184 0.22112211221122113
43 0.37975925925925924 0.4261650165016502 0.22869444444444445 0.12889108910891087
57 0.18655555555555559 0.43655445544554455 0.1854722222222222 0.1061188118811881
36 0.17574999999999996 0.3531947194719472 0.19421296296296298 0.08328712871287133
98 0.22896296296296295 0.10416501650165017 0.33808333333333335 0.16444884488448844
98 0.19467592592592592 0.8429042904290429 0.27705555555555555 0.22706270627062705
73 0.45578703703703705 0.8966996699669967 0.16369444444444442 0.11947194719471947
73 0.3988425925925926 0.636963696369637 0.1738611111111111 0.1768976897689769
73 0.3946851851851852 0.22046204620462045 0.17293518518518516 0.16105610561056105
9 0.2701944444444444 0.22673267326732674 0.17375925925925922 0.15247524752475247
9 0.1993333333333333 0.6481848184818482 0.20251851851851854 0.15181518151815182
10 0.7936851851851853 0.8887788778877888 0.2658055555555555 0.14587458745874587
10 0.7316851851851852 0.6511551155115511 0.23226851851851843 0.17755775577557756
10 0.6580740740740741 0.25577557755775576 0.19799999999999993 0.19603960396039605
17 0.1647962962962963 0.26572277227722774 0.17234259259259258 0.1736963696369637