62 0.6505740740740741 0.16252145214521452 0.2581574074074074 0.183986798679868
62 0.21191666666666667 0.6587392739273927 0.23552777777777778 0.1279075907590759
62 0.23768518518518517 0.18878547854785477 0.25733333333333336 0.13436303630363036
62 0.22687962962962963 0.44091749174917494 0.2200740740740741 0.09664686468646864
58 0.6891759259259259 0.39023762376237625 0.276712962962963 0.19697689768976898
13 0.8505277777777778 0.4419339933993399 0.11523148148148149 0.09483828382838284
13 0.8344722222222223 0.6237623762376238 0.22248148148148147 0.19933993399339933
13 0.14228703703703702 0.8122508250825082 0.11957407407407405 0.1325874587458746
42 0.42507407407407405 0.8857227722772276 0.0725 0.13976237623762378
42 0.5395833333333333 0.889023102310231 0.09887962962962964 0.13267326732673268
42 0.7529166666666667 0.913953795379538 0.33405555555555555 0.08650165016501651
21 0.8661944444444445 0.8534389438943895 0.1075 0.12371617161716172
90 0.5138611111111111 0.42784158415841583 0.11458333333333333 0.12211221122112212
21 0.3478611111111111 0.8720330033003301 0.13941666666666666 0.16866666666666666
42 0.3373333333333333 0.9171815181518151 0.21143518518518517 0.0780990099009901
13 0.6636851851851852 0.8470891089108911 0.11039814814814815 0.11477227722772276