62 0.3494259259259259 0.16252145214521455 0.25815740740740734 0.183986798679868
62 0.7880833333333334 0.6587392739273927 0.2355277777777779 0.12790759075907596
62 0.7623148148148148 0.18878547854785477 0.2573333333333334 0.13436303630363033
62 0.7731203703703704 0.44091749174917494 0.22007407407407414 0.0966468646864687
58 0.31082407407407414 0.39023762376237625 0.276712962962963 0.19697689768976903
13 0.14947222222222217 0.4419339933993399 0.11523148148148148 0.09483828382838289
13 0.16552777777777777 0.6237623762376238 0.22248148148148145 0.19933993399339933
13 0.857712962962963 0.8122508250825082 0.11957407407407417 0.13258745874587452
42 0.574925925925926 0.8857227722772276 0.07249999999999995 0.1397623762376236
42 0.46041666666666664 0.889023102310231 0.0988796296296296 0.13267326732673268
42 0.24708333333333335 0.913953795379538 0.33405555555555555 0.08650165016501662
21 0.13380555555555554 0.8534389438943895 0.10750000000000001 0.12371617161716161
90 0.48613888888888884 0.42784158415841583 0.11458333333333333 0.12211221122112212
21 0.6521388888888888 0.8720330033003301 0.1394166666666666 0.1686666666666668
42 0.6626666666666667 0.9171815181518151 0.2114351851851851 0.07809900990099021
13 0.33631481481481484 0.8470891089108911 0.11039814814814816 0.11477227722772285