87 0.6257222222222222 0.20424422442244225 0.1625185185185185 0.10372277227722772
87 0.2207407407407407 0.18726732673267327 0.17399999999999996 0.16953795379537956
87 0.5124444444444445 0.4127986798679868 0.13840740740740742 0.16455445544554453
87 0.5858796296296296 0.641894389438944 0.15956481481481474 0.1557161716171617
87 0.17923148148148152 0.6666468646864686 0.13819444444444445 0.11111551155115514
87 0.3227777777777778 0.8728052805280527 0.16256481481481475 0.15949174917491757
11 0.8133518518518518 0.20213861386138615 0.1642314814814816 0.10796699669966994
11 0.3802407407407407 0.18046204620462045 0.14195370370370367 0.16358415841584162
11 0.6788703703703705 0.40882508250825084 0.1612500000000001 0.16689768976897687
11 0.7870185185185186 0.6354851485148515 0.1349166666666667 0.17013201320132013
11 0.3776111111111112 0.6622112211221122 0.16006481481481483 0.12046204620462046
11 0.7231851851851852 0.8571683168316832 0.16419444444444437 0.1674917491749175
76 0.29233333333333333 0.41996039603960394 0.0881666666666667 0.10807920792079209