87 0.3742777777777778 0.20424422442244225 0.16251851851851853 0.10372277227722772
87 0.7792592592592593 0.18726732673267327 0.174 0.16953795379537956
87 0.4875555555555555 0.4127986798679868 0.1384074074074074 0.16455445544554456
87 0.41412037037037036 0.641894389438944 0.15956481481481483 0.15571617161716172
87 0.8207685185185185 0.6666468646864686 0.13819444444444445 0.11111551155115512
87 0.6772222222222222 0.8728052805280527 0.1625648148148148 0.15949174917491749
11 0.18664814814814815 0.20213861386138615 0.16423148148148148 0.10796699669966996
11 0.6197592592592593 0.18046204620462045 0.1419537037037037 0.1635841584158416
11 0.3211296296296296 0.40882508250825084 0.16125 0.1668976897689769
11 0.2129814814814815 0.6354851485148515 0.13491666666666668 0.17013201320132013
11 0.6223888888888889 0.6622112211221122 0.16006481481481483 0.12046204620462046
11 0.2768148148148148 0.8571683168316832 0.16419444444444445 0.1674917491749175
76 0.7076666666666667 0.41996039603960394 0.08816666666666667 0.10807920792079209