62 0.6686388888888889 0.5528712871287129 0.1786388888888889 0.09904290429042906
13 0.2383425925925926 0.137003300330033 0.17419444444444443 0.15621122112211222
13 0.6697592592592593 0.14747194719471945 0.25828703703703704 0.20806600660066008
13 0.1932037037037037 0.8357425742574258 0.18239814814814817 0.17216501650165014
13 0.5748055555555556 0.8159141914191419 0.11780555555555557 0.11068646864686468
62 0.38412962962962965 0.8885412541254126 0.24511111111111114 0.12848844884488447
62 0.7257407407407407 0.8482772277227724 0.22325925925925927 0.16186798679867986
62 0.28025 0.4043102310231023 0.22164814814814815 0.1515973597359736
58 0.43221296296296297 0.17463366336633662 0.1586388888888889 0.15745874587458747
42 0.12104629629629629 0.3955775577557755 0.09189814814814815 0.1855907590759076
42 0.6541388888888889 0.41667326732673265 0.5257499999999999 0.14351815181518152
42 0.36874074074074076 0.3320792079207921 0.11112037037037037 0.07877227722772277
42 0.6125740740740742 0.6398283828382838 0.607537037037037 0.15072607260726073
13 0.25269444444444444 0.5938151815181518 0.1602037037037037 0.13052805280528051
58 0.38162962962962965 0.5859207920792079 0.1801111111111111 0.1857953795379538