50 0.7763333333333334 0.17654785478547858 0.1711666666666667 0.15587458745874588
90 0.29564814814814816 0.8682442244224423 0.18950925925925924 0.17351815181518151
50 0.6401203703703704 0.1764092409240924 0.18399074074074076 0.15695049504950495
50 0.19182407407407406 0.4013465346534653 0.2071574074074074 0.1592871287128713
90 0.6851944444444444 0.8791881188118812 0.17294444444444446 0.15054785478547855
50 0.7325648148148147 0.389003300330033 0.20192592592592593 0.16034323432343234
58 0.4716574074074074 0.3527062706270627 0.21558333333333335 0.1915049504950495
62 0.27132407407407405 0.10817821782178216 0.1635185185185185 0.1251089108910891
13 0.10812962962962963 0.20972277227722774 0.11872222222222222 0.09180858085808581
58 0.4396574074074074 0.14093729372937294 0.26037037037037036 0.22581518151815183
58 0.4132314814814815 0.5452145214521452 0.1757962962962963 0.12805280528052806
90 0.870212962962963 0.6547062706270627 0.10962037037037037 0.1377887788778878
50 0.2254722222222222 0.6328382838283828 0.11420370370370371 0.10148514851485149
50 0.2965925925925926 0.6381320132013201 0.08977777777777778 0.09556435643564357
50 0.366787037037037 0.6418877887788779 0.09737962962962964 0.089009900990099
50 0.4378240740740741 0.6451287128712871 0.10111111111111111 0.08432343234323432
50 0.479787037037037 0.6418019801980198 0.08266666666666667 0.08835643564356437
50 0.5588333333333333 0.6397689768976897 0.0686851851851852 0.09352475247524752
50 0.6177407407407407 0.6333465346534654 0.08499999999999999 0.1018943894389439
50 0.6444166666666666 0.6301320132013201 0.07930555555555556 0.10846204620462045
13 0.7560555555555555 0.6623630363036304 0.1603888888888889 0.11941254125412541