50 0.22366666666666662 0.17654785478547858 0.1711666666666667 0.15587458745874586
90 0.7043518518518519 0.8682442244224423 0.18950925925925932 0.1735181518151816
50 0.3598796296296296 0.1764092409240924 0.1839907407407408 0.15695049504950492
50 0.8081759259259259 0.4013465346534653 0.20715740740740743 0.15928712871287123
90 0.31480555555555556 0.8791881188118812 0.17294444444444443 0.1505478547854785
50 0.2674351851851852 0.389003300330033 0.20192592592592595 0.16034323432343237
58 0.5283425925925926 0.3527062706270627 0.21558333333333332 0.19150495049504945
62 0.728675925925926 0.10817821782178216 0.16351851851851842 0.12510891089108908
13 0.8918703703703704 0.20972277227722774 0.11872222222222215 0.09180858085808583
58 0.5603425925925927 0.14093729372937297 0.2603703703703704 0.22581518151815183
58 0.5867685185185185 0.5452145214521452 0.17579629629629642 0.12805280528052806
90 0.129787037037037 0.6547062706270628 0.10962037037037035 0.13778877887788787
50 0.7745277777777778 0.6328382838283828 0.11420370370370363 0.10148514851485149
50 0.7034074074074075 0.6381320132013201 0.08977777777777782 0.09556435643564362
50 0.6332129629629629 0.6418877887788779 0.09737962962962969 0.08900990099009895
50 0.5621759259259259 0.645128712871287 0.10111111111111115 0.08432343234323425
50 0.520212962962963 0.6418019801980198 0.08266666666666664 0.0883564356435643
50 0.4411666666666667 0.6397689768976897 0.06868518518518524 0.09352475247524757
50 0.3822592592592593 0.6333465346534654 0.08499999999999996 0.10189438943894383
50 0.3555833333333333 0.6301320132013201 0.07930555555555553 0.10846204620462042
13 0.2439444444444445 0.6623630363036304 0.16038888888888891 0.1194125412541254