10 0.35580555555555554 0.17623762376237623 0.22021296296296297 0.18745874587458747
10 0.1789814814814815 0.42046204620462047 0.17025925925925925 0.13993399339933993
10 0.6210833333333333 0.42277227722772276 0.17887962962962964 0.1353135313531353
10 0.5048888888888888 0.7924092409240924 0.2408796296296296 0.20132013201320131
33 0.681888888888889 0.8547260726072607 0.20597222222222222 0.16118151815181517
33 0.8238148148148149 0.43795379537953794 0.14325925925925925 0.10495049504950495
33 0.39608333333333334 0.4415841584158416 0.19705555555555554 0.09636963696369637
33 0.6043981481481482 0.19042904290429044 0.15071296296296297 0.15775577557755777
17 0.34868518518518515 0.6626336633663367 0.13025925925925927 0.17147194719471945
9 0.21562037037037038 0.844976897689769 0.15462037037037038 0.1806798679867987
98 0.16528703703703704 0.6774719471947194 0.19508333333333333 0.3303432343234324
73 0.27143518518518517 0.7601716171617162 0.12975 0.17512871287128712