84 0.8420648148148148 0.13267326732673268 0.19747222222222224 0.15313531353135312
84 0.39560185185185187 0.386957095709571 0.14929629629629632 0.20557095709570958
84 0.7965833333333333 0.3816171617161716 0.2539537037037037 0.19592739273927393
84 0.6804074074074075 0.6266336633663366 0.2526481481481482 0.1650957095709571
84 0.3258333333333333 0.8682244224422442 0.1746388888888889 0.19000660066006603
84 0.832388888888889 0.8686930693069307 0.10213888888888889 0.13154455445544555
44 0.28887962962962965 0.1581980198019802 0.37983333333333336 0.14538613861386138
44 0.6167685185185185 0.17026402640264027 0.21936111111111112 0.1233993399339934
44 0.2060648148148148 0.43746534653465347 0.23913888888888887 0.10736633663366336
44 0.61175 0.415993399339934 0.25645370370370374 0.1341980198019802
44 0.6436111111111111 0.6668580858085809 0.30576851851851855 0.09563036303630362
44 0.49410185185185185 0.6816897689768977 0.18037037037037038 0.07102310231023103
44 0.5421203703703704 0.6132277227722772 0.3141851851851852 0.08377557755775578
44 0.42712962962962964 0.5926864686468647 0.297287037037037 0.1453003300330033
44 0.3895555555555556 0.683009900990099 0.11883333333333333 0.060396039603960394