58 0.5694259259259259 0.835980198019802 0.3444722222222222 0.2526072607260726
62 0.16500925925925927 0.650006600660066 0.22776851851851854 0.14226402640264027
90 0.26649074074074075 0.1655973597359736 0.21020370370370373 0.17927392739273929
39 0.486 0.1705214521452145 0.2349537037037037 0.16677887788778878
39 0.15005555555555555 0.8433729372937294 0.15249074074074073 0.22341254125412544
90 0.5199814814814815 0.40632343234323437 0.20475925925925925 0.16135973597359737
58 0.8009722222222222 0.6167788778877887 0.23357407407407407 0.21013201320132013
92 0.40855555555555556 0.6547392739273927 0.08732407407407408 0.09475907590759076
39 0.8261666666666666 0.1196897689768977 0.17919444444444443 0.14733993399339934
39 0.8339537037037037 0.19887128712871288 0.17005555555555554 0.1116039603960396
102 0.30925 0.4193267326732673 0.18656481481481482 0.12405940594059406
58 0.7968981481481481 0.3825412541254125 0.24375925925925926 0.2106732673267327
92 0.6254444444444445 0.6401716171617162 0.11512037037037037 0.07744554455445544
92 0.3266296296296296 0.9072343234323432 0.09218518518518519 0.09502970297029703
63 0.8757962962962963 0.798976897689769 0.08307407407407408 0.05580858085808581
13 0.7575555555555555 0.4297293729372937 0.14791666666666667 0.11603960396039605
50 0.8032222222222223 0.880052805280528 0.1444351851851852 0.15201320132013202
50 0.8421759259259259 0.8901320132013201 0.1501388888888889 0.13054125412541254