75 0.17439814814814814 0.4259339933993399 0.16010185185185186 0.14496369636963696
82 0.8367962962962963 0.20036303630363037 0.1195648148148148 0.11834323432343234
82 0.20505555555555557 0.1952277227722772 0.1725833333333333 0.12233003300330034
82 0.38631481481481483 0.4508250825082508 0.1272685185185185 0.09256105610561055
82 0.8494907407407408 0.43087128712871287 0.0964351851851852 0.11514851485148514
82 0.2926944444444445 0.623029702970297 0.24087037037037035 0.10282508250825083
82 0.7113425925925926 0.6385808580858086 0.18883333333333333 0.13333333333333333
82 0.2177222222222222 0.8872673267326733 0.27439814814814817 0.1416897689768977
82 0.6607407407407407 0.8706204620462046 0.20326851851851852 0.16208580858085808
75 0.41644444444444445 0.16986138613861385 0.12251851851851851 0.17425742574257425
75 0.6284351851851853 0.17058745874587458 0.20124074074074075 0.17483828382838285
75 0.6166018518518518 0.4075445544554455 0.21831481481481482 0.16692409240924092