10 0.4395555555555556 0.16648184818481848 0.1983333333333334 0.17454785478547855
10 0.7893055555555556 0.41143894389438945 0.1449259259259259 0.17454785478547857
10 0.38836111111111105 0.408990099009901 0.13872222222222216 0.17923432343234322
10 0.5877685185185185 0.6415313531353135 0.15158333333333338 0.1751683168316831
69 0.2135277777777778 0.20005280528052805 0.15505555555555559 0.1188118811881188
69 0.6201759259259259 0.4447854785478548 0.16227777777777777 0.12388778877887792
69 0.20462037037037037 0.4435115511551155 0.13725 0.1213531353135313
69 0.7985740740740741 0.6780924092409241 0.1530555555555555 0.12236303630363043
69 0.294 0.6661584158415842 0.14225925925925925 0.1462310231023102
69 0.33281481481481484 0.9002310231023102 0.14724999999999996 0.14521452145214522
38 0.5546574074074074 0.8525016501650164 0.16511111111111104 0.1807590759075907