10 0.5604444444444444 0.16648184818481848 0.19833333333333333 0.17454785478547855
10 0.21069444444444446 0.41143894389438945 0.14492592592592593 0.17454785478547855
10 0.611638888888889 0.408990099009901 0.13872222222222222 0.17923432343234325
10 0.4122314814814815 0.6415313531353135 0.15158333333333335 0.17516831683168316
69 0.7864722222222222 0.20005280528052805 0.15505555555555556 0.1188118811881188
69 0.37982407407407404 0.4447854785478548 0.16227777777777777 0.12388778877887789
69 0.7953796296296296 0.4435115511551155 0.13724999999999998 0.12135313531353135
69 0.20142592592592592 0.6780924092409241 0.15305555555555556 0.12236303630363037
69 0.7060000000000001 0.6661584158415842 0.14225925925925925 0.14623102310231023
69 0.6671851851851851 0.9002310231023102 0.14725 0.14521452145214522
38 0.4453425925925926 0.8525016501650164 0.1651111111111111 0.18075907590759077