58 0.30724074074074076 0.40582178217821785 0.15911111111111112 0.1598019801980198
58 0.2739074074074074 0.13670627062706273 0.18274074074074076 0.1803168316831683
62 0.2652685185185185 0.8873993399339934 0.29887962962962966 0.1354917491749175
91 0.2562314814814815 0.6436105610561056 0.34132407407407406 0.15578217821782178
62 0.6768518518518518 0.8715643564356436 0.2615092592592593 0.16586798679867987
58 0.5834074074074075 0.3872541254125413 0.17199074074074075 0.2045016501650165
91 0.6869537037037037 0.4136435643564356 0.2057314814814815 0.15173597359735974
91 0.73425 0.1593927392739274 0.3170462962962963 0.21443564356435643
62 0.6077222222222223 0.649993399339934 0.2411388888888889 0.1435049504950495
39 0.1307685185185185 0.11361716171617162 0.09287037037037037 0.16066666666666665
92 0.15572222222222223 0.1848184818481848 0.04546296296296296 0.0352013201320132
92 0.10590740740740741 0.4535775577557756 0.038657407407407404 0.03825082508250825
91 0.3486388888888889 0.3984752475247525 0.13664814814814816 0.1572871287128713
62 0.8259907407407407 0.46031683168316834 0.10818518518518519 0.07045544554455445
62 0.4121574074074074 0.6877689768976898 0.12939814814814815 0.06780858085808582