58 0.6927592592592593 0.40582178217821785 0.15911111111111104 0.15980198019801978
58 0.7260925925925926 0.13670627062706273 0.18274074074074087 0.18031683168316837
62 0.7347314814814815 0.8873993399339934 0.2988796296296296 0.1354917491749175
91 0.7437685185185186 0.6436105610561056 0.34132407407407417 0.15578217821782178
62 0.32314814814814813 0.8715643564356436 0.26150925925925933 0.16586798679867984
58 0.41659259259259257 0.3872541254125413 0.17199074074074075 0.20450165016501645
91 0.3130462962962963 0.4136435643564356 0.20573148148148152 0.15173597359735969
91 0.26575 0.15939273927392736 0.3170462962962964 0.21443564356435643
62 0.3922777777777777 0.649993399339934 0.24113888888888896 0.1435049504950495
39 0.8692314814814814 0.11361716171617162 0.09287037037037033 0.16066666666666665
92 0.8442777777777777 0.1848184818481848 0.04546296296296288 0.03520132013201321
92 0.8940925925925925 0.4535775577557756 0.038657407407407404 0.03825082508250828
91 0.6513611111111112 0.3984752475247525 0.13664814814814807 0.15728712871287126
62 0.17400925925925922 0.46031683168316834 0.10818518518518522 0.07045544554455446
62 0.5878425925925926 0.6877689768976898 0.12939814814814815 0.06780858085808582