75 0.6485555555555556 0.16572937293729373 0.23952777777777778 0.1926996699669967
82 0.34625 0.6671023102310231 0.11121296296296296 0.09335973597359735
82 0.30219444444444443 0.19422442244224422 0.14566666666666667 0.12706270627062707
82 0.19111111111111112 0.44686468646864685 0.10775 0.10165016501650165
82 0.8051203703703703 0.4561056105610561 0.13297222222222224 0.08582178217821783
82 0.7532777777777777 0.6668316831683169 0.12374074074074073 0.09538613861386137
75 0.35750925925925925 0.4262376237623762 0.16925925925925928 0.14489108910891088
75 0.64425 0.4259075907590759 0.17979629629629632 0.14158415841584157
75 0.24156481481481482 0.6410891089108911 0.15032407407407408 0.1429108910891089
75 0.5979722222222221 0.6405940594059406 0.20850000000000002 0.14522112211221122
39 0.12100000000000001 0.7386468646864686 0.11312037037037037 0.06147194719471947
39 0.8718148148148147 0.7394719471947194 0.10245370370370371 0.05188778877887789