64 0.6086944444444444 0.17495049504950497 0.17587037037037037 0.15778217821782178
64 0.39955555555555555 0.40135313531353134 0.20921296296296296 0.17176897689768977
9 0.7737962962962963 0.17777557755775578 0.12966666666666665 0.15324752475247524
64 0.7841296296296296 0.8844950495049505 0.13167592592592595 0.1457953795379538
9 0.6324444444444444 0.40619801980198017 0.21095370370370373 0.16034323432343234
64 0.17887962962962964 0.19711551155115511 0.14969444444444444 0.11383498349834983
9 0.3394444444444445 0.19893729372937294 0.16833333333333333 0.10902970297029703
9 0.21035185185185185 0.8856501650165016 0.13955555555555554 0.14576897689768978
9 0.28073148148148147 0.6557293729372937 0.1905185185185185 0.13916171617161718
27 0.5912407407407407 0.6088580858085808 0.21556481481481482 0.22664026402640264
27 0.45484259259259263 0.8415643564356435 0.2787685185185185 0.22545214521452145