114 0.5933333333333333 0.18943234323432342 0.21697222222222223 0.13234323432343234
75 0.16383333333333333 0.18508250825082506 0.15628703703703703 0.1471881188118812
114 0.5569722222222222 0.42495049504950494 0.1863425925925926 0.1312145214521452
75 0.4758518518518518 0.8812871287128713 0.14291666666666666 0.13270627062706272
75 0.6875648148148149 0.6550825082508251 0.13637962962962963 0.1274059405940594
75 0.3440740740740741 0.4255049504950495 0.17133333333333334 0.13203960396039605
114 0.16644444444444442 0.6641518151815182 0.18494444444444444 0.12242904290429042
114 0.8821851851851852 0.6617029702970297 0.07096296296296296 0.11854125412541254
114 0.7903518518518519 0.8842706270627063 0.16212962962962962 0.11274587458745874
110 0.38801851851851854 0.17183498349834983 0.21856481481481482 0.1738217821782178
110 0.18916666666666668 0.41297029702970295 0.20094444444444445 0.1553069306930693
110 0.800861111111111 0.6392871287128713 0.08992592592592594 0.1625940594059406
110 0.6224351851851851 0.8664158415841583 0.10922222222222222 0.15313531353135312
82 0.7929166666666667 0.20233663366336635 0.09166666666666666 0.11282508250825082
82 0.7684444444444444 0.4385808580858086 0.14300925925925925 0.10311551155115511
82 0.3642777777777778 0.6712805280528052 0.21005555555555558 0.10851485148514851
82 0.579287037037037 0.6703168316831682 0.09287962962962963 0.09834323432343235
82 0.18625925925925926 0.8691221122112212 0.08728703703703704 0.05858085808580858