114 0.40666666666666673 0.18943234323432342 0.2169722222222222 0.13234323432343234
75 0.8361666666666666 0.18508250825082506 0.156287037037037 0.1471881188118812
114 0.4430277777777778 0.42495049504950494 0.1863425925925926 0.13121452145214518
75 0.5241481481481481 0.8812871287128713 0.14291666666666664 0.13270627062706283
75 0.31243518518518515 0.6550825082508251 0.1363796296296296 0.12740594059405938
75 0.6559259259259259 0.4255049504950495 0.1713333333333333 0.13203960396039602
114 0.8335555555555556 0.6641518151815182 0.18494444444444444 0.12242904290429044
114 0.11781481481481482 0.6617029702970297 0.07096296296296295 0.11854125412541257
114 0.2096481481481481 0.8842706270627063 0.16212962962962965 0.11274587458745872
110 0.6119814814814816 0.17183498349834983 0.21856481481481477 0.17382178217821784
110 0.8108333333333334 0.41297029702970295 0.20094444444444443 0.15530693069306928
110 0.19913888888888895 0.6392871287128713 0.08992592592592594 0.16259405940594054
110 0.3775648148148148 0.8664158415841583 0.10922222222222226 0.15313531353135312
82 0.2070833333333333 0.20233663366336635 0.09166666666666666 0.11282508250825081
82 0.2315555555555556 0.4385808580858086 0.14300925925925928 0.10311551155115513
82 0.6357222222222222 0.6712805280528052 0.21005555555555566 0.10851485148514857
82 0.42071296296296296 0.6703168316831682 0.09287962962962958 0.09834323432343242
82 0.8137407407407408 0.8691221122112212 0.08728703703703702 0.05858085808580858