10 0.32058333333333333 0.3156699669966997 0.33429629629629626 0.32319471947194717
10 0.22791666666666666 0.8731749174917491 0.1491481481481482 0.16452805280528038
10 0.6378796296296297 0.6261980198019802 0.17074074074074083 0.18640264026402648
10 0.24451851851851855 0.6281782178217822 0.1507222222222222 0.18479207920792082
97 0.6587685185185186 0.4051881188118812 0.19187037037037039 0.16075247524752473
97 0.3916388888888889 0.6626600660066007 0.12286111111111116 0.11448844884488452
97 0.37888888888888894 0.8984488448844885 0.12322222222222226 0.11340594059405937
10 0.6731944444444444 0.8904620462046204 0.18044444444444455 0.1417953795379539
97 0.7953888888888889 0.6616435643564357 0.12311111111111114 0.11407920792079211
10 0.8204166666666666 0.7866072607260727 0.08750925925925924 0.08127392739273935
73 0.5866388888888888 0.7899801980198019 0.08950000000000008 0.07123432343234329
97 0.856925925925926 0.7810033003300331 0.033120370370370356 0.0636567656765677
97 0.8392407407407407 0.9082970297029702 0.14842592592592588 0.09382178217821774