10 0.6794166666666667 0.3156699669966997 0.3342962962962963 0.32319471947194717
10 0.7720833333333333 0.8731749174917491 0.14914814814814817 0.16452805280528052
10 0.36212037037037037 0.6261980198019802 0.17074074074074075 0.1864026402640264
10 0.7554814814814814 0.6281782178217822 0.15072222222222223 0.1847920792079208
97 0.34123148148148147 0.4051881188118812 0.19187037037037036 0.16075247524752476
97 0.6083611111111111 0.6626600660066007 0.12286111111111112 0.11448844884488447
97 0.6211111111111111 0.8984488448844885 0.12322222222222223 0.11340594059405941
10 0.32680555555555557 0.8904620462046204 0.18044444444444444 0.1417953795379538
97 0.2046111111111111 0.6616435643564357 0.12311111111111112 0.11407920792079208
10 0.17958333333333332 0.7866072607260727 0.08750925925925926 0.08127392739273927
73 0.4133611111111111 0.7899801980198019 0.0895 0.07123432343234323
97 0.14307407407407408 0.7810033003300331 0.033120370370370376 0.06365676567656765
97 0.16075925925925927 0.9082970297029702 0.14842592592592593 0.09382178217821781