10 0.8272962962962963 0.8703432343234323 0.17212037037037037 0.16758415841584157
10 0.3848703703703704 0.6369570957095709 0.18221296296296297 0.16758415841584157
10 0.37439814814814815 0.8901650165016501 0.22669444444444445 0.13025082508250826
10 0.1746574074074074 0.16618481848184818 0.17024074074074075 0.16556435643564357
109 0.6361944444444445 0.8760594059405941 0.17707407407407408 0.15635643564356436
109 0.2031574074074074 0.6371353135313531 0.17366666666666666 0.15559735973597358
109 0.6094907407407407 0.6602640264026403 0.1703148148148148 0.1234851485148515
10 0.5775370370370371 0.15231023102310232 0.11783333333333333 0.10409900990099011
10 0.8381574074074074 0.6592607260726072 0.2041111111111111 0.12611221122112212
109 0.8125925925925926 0.1740924092409241 0.1676574074074074 0.14370297029702972
109 0.4045462962962963 0.4297623762376238 0.20277777777777778 0.1179075907590759
10 0.17500925925925925 0.43462046204620464 0.1550462962962963 0.12220462046204619
109 0.1783425925925926 0.8927128712871287 0.17605555555555555 0.12572937293729372
97 0.30900000000000005 0.20576897689768978 0.10301851851851852 0.09612541254125412
109 0.45614814814814814 0.15605940594059406 0.12297222222222222 0.09826402640264027
109 0.844212962962963 0.44025742574257426 0.1938425925925926 0.11572937293729374
97 0.6751574074074074 0.20594719471947195 0.10358333333333333 0.09572277227722772
73 0.23574074074074072 0.3378877887788779 0.14225 0.07471287128712871
97 0.31392592592592594 0.4362574257425742 0.08597222222222221 0.10473267326732673
97 0.4648703703703704 0.6397359735973598 0.0766111111111111 0.11958415841584158
97 0.17029629629629628 0.3353135313531353 0.07575925925925925 0.06523432343234323
97 0.5949907407407408 0.4365742574257426 0.10298148148148148 0.1308250825082508
97 0.744361111111111 0.6728778877887789 0.09060185185185185 0.09757755775577559
97 0.46880555555555553 0.9148118811881188 0.09128703703703704 0.08166336633663367
97 0.8968981481481482 0.8725544554455446 0.04655555555555556 0.031108910891089112
10 0.6506666666666667 0.42989438943894387 0.19177777777777777 0.11685148514851486