10 0.1727037037037037 0.8703432343234323 0.17212037037037037 0.1675841584158415
10 0.6151296296296296 0.6369570957095709 0.18221296296296294 0.1675841584158415
10 0.6256018518518518 0.8901650165016501 0.22669444444444437 0.1302508250825082
10 0.8253425925925926 0.16618481848184818 0.17024074074074064 0.16556435643564354
109 0.36380555555555555 0.8760594059405941 0.17707407407407408 0.15635643564356444
109 0.7968425925925926 0.6371353135313531 0.1736666666666666 0.1555973597359736
109 0.3905092592592593 0.6602640264026403 0.17031481481481486 0.12348514851485144
10 0.42246296296296293 0.15231023102310232 0.11783333333333333 0.10409900990099012
10 0.16184259259259257 0.6592607260726072 0.20411111111111113 0.12611221122112207
109 0.18740740740740738 0.1740924092409241 0.16765740740740737 0.14370297029702972
109 0.5954537037037037 0.4297623762376238 0.20277777777777778 0.11790759075907582
10 0.8249907407407407 0.43462046204620464 0.15504629629629635 0.12220462046204612
109 0.8216574074074074 0.8927128712871287 0.17605555555555566 0.12572937293729375
97 0.691 0.20576897689768978 0.10301851851851851 0.09612541254125412
109 0.5438518518518519 0.15605940594059406 0.12297222222222218 0.09826402640264027
109 0.15578703703703703 0.44025742574257426 0.19384259259259262 0.11572937293729368
97 0.3248425925925926 0.20594719471947195 0.10358333333333333 0.09572277227722771
73 0.7642592592592592 0.3378877887788779 0.1422499999999999 0.07471287128712875
97 0.6860740740740741 0.4362574257425742 0.08597222222222214 0.10473267326732678
97 0.5351296296296297 0.6397359735973598 0.07661111111111112 0.11958415841584163
97 0.8297037037037037 0.3353135313531353 0.0757592592592592 0.06523432343234323
97 0.40500925925925924 0.4365742574257426 0.10298148148148151 0.13082508250825087
97 0.2556388888888889 0.6728778877887789 0.09060185185185188 0.0975775577557756
97 0.5311944444444445 0.9148118811881188 0.09128703703703696 0.08166336633663353
97 0.10310185185185188 0.8725544554455446 0.046555555555555544 0.03110891089108918
10 0.34933333333333333 0.42989438943894387 0.19177777777777777 0.11685148514851483