10 0.38038888888888894 0.17481848184818483 0.13874074074074078 0.16164356435643565
10 0.17555555555555558 0.41122112211221123 0.13552777777777777 0.1561518151815181
9 0.19335185185185189 0.1798943894389439 0.11887037037037036 0.1515115511551155
10 0.7758055555555555 0.17693729372937295 0.1793703703703704 0.1562046204620462
9 0.37813888888888886 0.40984818481848184 0.1705370370370371 0.15242904290429046
10 0.27867592592592594 0.891914191419142 0.24159259259259266 0.1401650165016501
10 0.1442777777777778 0.6362772277227723 0.11137962962962965 0.11675247524752483
10 0.710212962962963 0.887940594059406 0.22407407407407406 0.1346600660066008
10 0.8258425925925925 0.670079207920792 0.1763333333333334 0.10297689768976898
57 0.2789537037037037 0.6257953795379538 0.1691111111111111 0.19231683168316824
10 0.7904259259259259 0.4192541254125412 0.17484259259259252 0.13984818481848194
9 0.6168055555555555 0.15254785478547855 0.11292592592592596 0.10335973597359738
97 0.8510925925925926 0.18754455445544554 0.07329629629629637 0.10383498349834981
97 0.4386574074074074 0.1897953795379538 0.0771574074074074 0.1061188118811881
9 0.6909351851851853 0.4254587458745875 0.21742592592592586 0.12739273927392739
97 0.14474074074074078 0.4620990099009901 0.13019444444444445 0.05483828382838279
97 0.10049074074074071 0.6566534653465347 0.04356481481481483 0.06829702970297032
97 0.3916851851851852 0.8950957095709571 0.13942592592592595 0.12022442244224414
105 0.6840740740740741 0.6493663366336634 0.1455555555555556 0.1442574257425743
57 0.5655833333333332 0.647953795379538 0.13226851851851842 0.1475907590759076
105 0.3938611111111111 0.6264554455445546 0.16193518518518524 0.1901518151815182
97 0.822925925925926 0.9006996699669967 0.16363888888888892 0.10922772277227724