10 0.6196111111111111 0.17481848184818483 0.13874074074074075 0.16164356435643565
10 0.8244444444444444 0.41122112211221123 0.13552777777777777 0.15615181518151816
9 0.8066481481481481 0.1798943894389439 0.11887037037037036 0.1515115511551155
10 0.22419444444444445 0.17693729372937295 0.17937037037037037 0.1562046204620462
9 0.6218611111111111 0.40984818481848184 0.17053703703703704 0.15242904290429043
10 0.7213240740740741 0.891914191419142 0.2415925925925926 0.14016501650165017
10 0.8557222222222222 0.6362772277227723 0.11137962962962963 0.11675247524752475
10 0.28978703703703707 0.887940594059406 0.22407407407407406 0.13466006600660066
10 0.1741574074074074 0.670079207920792 0.17633333333333334 0.10297689768976898
57 0.7210462962962964 0.6257953795379538 0.1691111111111111 0.19231683168316832
10 0.20957407407407408 0.4192541254125412 0.1748425925925926 0.13984818481848185
9 0.38319444444444445 0.15254785478547855 0.11292592592592592 0.10335973597359736
97 0.1489074074074074 0.18754455445544554 0.07329629629629629 0.10383498349834984
97 0.5613425925925926 0.1897953795379538 0.07715740740740741 0.10611881188118813
9 0.30906481481481485 0.4254587458745875 0.2174259259259259 0.12739273927392739
97 0.8552592592592592 0.4620990099009901 0.13019444444444445 0.054838283828382836
97 0.8995092592592593 0.6566534653465347 0.04356481481481481 0.0682970297029703
97 0.6083148148148149 0.8950957095709571 0.13942592592592593 0.12022442244224421
105 0.3159259259259259 0.6493663366336634 0.14555555555555555 0.14425742574257427
57 0.4344166666666667 0.6479537953795379 0.1322685185185185 0.14759075907590757
105 0.6061388888888889 0.6264554455445545 0.16193518518518518 0.19015181518151814
97 0.17707407407407408 0.9006996699669967 0.1636388888888889 0.10922772277227723