73 0.7993981481481481 0.17415181518151812 0.12658333333333335 0.15568316831683168
10 0.29024074074074074 0.1715115511551155 0.1739814814814815 0.16517491749174917
10 0.8123888888888889 0.41524092409240926 0.18489814814814814 0.14532673267326732
10 0.5624351851851851 0.1727062706270627 0.17182407407407407 0.16293069306930694
10 0.41283333333333333 0.6668580858085809 0.16487037037037036 0.12189438943894389
73 0.5877685185185185 0.40681848184818487 0.18031481481481482 0.1522838283828383
73 0.8051851851851852 0.8526270627062706 0.13294444444444445 0.10634323432343236
97 0.20212037037037037 0.15817821782178218 0.12173148148148148 0.12804620462046204
97 0.6556574074074074 0.4473399339933994 0.11483333333333333 0.06714191419141914
57 0.1317685185185185 0.6223894389438943 0.11049074074074074 0.1935973597359736
109 0.1967685185185185 0.6517359735973597 0.11434259259259259 0.1312079207920792
9 0.29228703703703707 0.6552475247524753 0.13866666666666666 0.1310825082508251
10 0.868175925925926 0.6773597359735974 0.13239814814814815 0.08743234323432343
109 0.6690462962962963 0.6761914191419143 0.12269444444444444 0.08976897689768977
57 0.599175925925926 0.64803300330033 0.14604629629629629 0.14625082508250825
9 0.33608333333333335 0.879082508250825 0.15383333333333332 0.12955115511551155
97 0.8676666666666667 0.8743366336633662 0.0909537037037037 0.0456963696369637
97 0.5046759259259259 0.17152475247524754 0.11701851851851851 0.1287854785478548
9 0.7557777777777778 0.6778415841584159 0.10681481481481482 0.0860924092409241
105 0.5678240740740741 0.6286732673267327 0.08262962962962962 0.12491089108910891
10 0.18636111111111112 0.8696435643564356 0.18819444444444444 0.14341914191419142
109 0.45149074074074075 0.8804950495049505 0.19371296296296298 0.13677227722772278
57 0.4958888888888888 0.847102310231023 0.20452777777777775 0.1995247524752475
105 0.609675925925926 0.8507920792079208 0.19428703703703704 0.19533333333333333