73 0.20060185185185184 0.17415181518151812 0.12658333333333335 0.15568316831683168
10 0.7097592592592592 0.1715115511551155 0.17398148148148157 0.16517491749174917
10 0.18761111111111112 0.41524092409240926 0.18489814814814817 0.14532673267326737
10 0.43756481481481485 0.1727062706270627 0.17182407407407402 0.16293069306930696
10 0.5871666666666666 0.6668580858085809 0.1648703703703703 0.12189438943894394
73 0.41223148148148153 0.40681848184818487 0.18031481481481482 0.1522838283828383
73 0.1948148148148148 0.8526270627062706 0.13294444444444448 0.10634323432343243
97 0.7978796296296297 0.15817821782178218 0.12173148148148151 0.12804620462046204
97 0.3443425925925926 0.4473399339933994 0.11483333333333332 0.06714191419141916
57 0.8682314814814815 0.6223894389438943 0.11049074074074067 0.19359735973597356
109 0.8032314814814815 0.6517359735973597 0.1143425925925926 0.13120792079207919
9 0.7077129629629629 0.6552475247524753 0.13866666666666666 0.1310825082508251
10 0.13182407407407407 0.6773597359735974 0.13239814814814815 0.08743234323432346
109 0.33095370370370364 0.6761914191419143 0.12269444444444444 0.08976897689768977
57 0.40082407407407405 0.64803300330033 0.1460462962962963 0.14625082508250828
9 0.6639166666666666 0.879082508250825 0.1538333333333332 0.12955115511551155
97 0.1323333333333333 0.8743366336633662 0.09095370370370372 0.04569636963696371
97 0.49532407407407414 0.17152475247524754 0.11701851851851856 0.1287854785478548
9 0.2442222222222222 0.6778415841584159 0.10681481481481482 0.08609240924092405
105 0.4321759259259259 0.6286732673267327 0.08262962962962964 0.12491089108910884
10 0.8136388888888889 0.8696435643564356 0.18819444444444444 0.14341914191419156
109 0.5485092592592592 0.8804950495049505 0.193712962962963 0.13677227722772278
57 0.5041111111111112 0.847102310231023 0.20452777777777773 0.19952475247524765
105 0.39032407407407405 0.8507920792079208 0.19428703703703704 0.19533333333333322