83 0.18974074074074074 0.24207260726072607 0.27196296296296296 0.18093069306930695
104 0.39003703703703707 0.23156435643564355 0.2127777777777778 0.20145214521452146
37 0.5896203703703703 0.18137293729372936 0.15988888888888889 0.3025148514851485
104 0.47058333333333335 0.5230627062706271 0.3396388888888889 0.20510231023102313
83 0.2162685185185185 0.5551287128712871 0.25054629629629627 0.1822838283828383
116 0.716574074074074 0.544013201320132 0.23155555555555557 0.20380858085808579
93 0.845675925925926 0.5372409240924092 0.14412037037037037 0.21682508250825083
104 0.18174074074074073 0.8391023102310231 0.20850925925925926 0.23108250825082507
116 0.27228703703703705 0.8792409240924092 0.21954629629629632 0.15413201320132014
37 0.6751018518518519 0.807874587458746 0.48396296296296293 0.29597359735973594
104 0.7247870370370371 0.22182838283828382 0.27747222222222223 0.22212541254125412
93 0.40653703703703703 0.8656171617161716 0.09175925925925925 0.09794719471947194