104 0.5963981481481482 0.21992079207920792 0.19900000000000007 0.22382838283828385
83 0.7865648148148148 0.2396897689768977 0.2599074074074075 0.183993399339934
104 0.20026851851851848 0.22188118811881186 0.27417592592592593 0.2208052805280528
83 0.8601388888888889 0.5576633663366337 0.11147222222222232 0.17718151815181524
37 0.13040740740740744 0.5251551155115511 0.1480462962962963 0.2396501650165016
104 0.268462962962963 0.5283102310231023 0.16323148148148145 0.23265346534653467
83 0.7521481481481481 0.838943894389439 0.3305092592592593 0.23157755775577568
93 0.4886759259259259 0.8414455445544554 0.27269444444444446 0.22695709570957107
116 0.18902777777777777 0.8215511551155116 0.22491666666666663 0.26765676567656765
83 0.3698888888888889 0.23431023102310233 0.22024999999999995 0.19583498349834988
37 0.351537037037037 0.4815247524752475 0.0679351851851852 0.08256765676567651
104 0.6788796296296297 0.5307788778877888 0.4006111111111112 0.22936633663366338