104 0.4036018518518518 0.21992079207920792 0.19899999999999998 0.22382838283828385
83 0.21343518518518517 0.2396897689768977 0.2599074074074074 0.183993399339934
104 0.7997314814814815 0.22188118811881186 0.27417592592592593 0.2208052805280528
83 0.13986111111111113 0.5576633663366337 0.11147222222222222 0.17718151815181518
37 0.8695925925925926 0.5251551155115511 0.1480462962962963 0.23965016501650166
104 0.731537037037037 0.5283102310231023 0.16323148148148148 0.23265346534653467
83 0.24785185185185185 0.838943894389439 0.3305092592592592 0.23157755775577557
93 0.5113240740740741 0.8414455445544554 0.27269444444444446 0.22695709570957093
116 0.8109722222222222 0.8215511551155116 0.22491666666666665 0.26765676567656765
83 0.6301111111111111 0.23431023102310233 0.22025 0.19583498349834982
37 0.648462962962963 0.4815247524752475 0.0679351851851852 0.08256765676567657
104 0.3211203703703704 0.5307788778877888 0.40061111111111114 0.22936633663366338