37 0.24166666666666667 0.21656105610561055 0.3296851851851852 0.23474587458745874
83 0.41537962962962965 0.2515841584158416 0.23348148148148148 0.16526072607260725
83 0.8126851851851852 0.5624224422442244 0.20877777777777776 0.1702046204620462
37 0.1777037037037037 0.5331089108910891 0.26811111111111113 0.24112871287128712
37 0.6080555555555556 0.5363036303630363 0.2124351851851852 0.22395379537953797
37 0.23513888888888887 0.815927392739274 0.3168240740740741 0.28846204620462046
83 0.23380555555555554 0.8652673267326734 0.19035185185185186 0.18600000000000003
93 0.4254351851851852 0.8179537953795379 0.16525925925925924 0.17088448844884488
104 0.7509166666666667 0.814943894389439 0.4334166666666666 0.2861848184818482
93 0.692675925925926 0.23474587458745874 0.23302777777777778 0.19893729372937294
116 0.6195277777777778 0.8466930693069307 0.16190740740740742 0.22366336633663367
37 0.12467592592592593 0.14203300330033003 0.0961111111111111 0.14365016501650166
37 0.8314537037037038 0.11251485148514852 0.17135185185185187 0.1188910891089109
116 0.8427962962962964 0.24323432343234325 0.1483611111111111 0.1820858085808581