10 0.602462962962963 0.8321386138613862 0.1562962962962963 0.18794719471947197
9 0.7815092592592592 0.8394455445544554 0.1316388888888889 0.1806864686468647
9 0.4686666666666667 0.645009900990099 0.1380185185185185 0.17186138613861388
64 0.7347222222222223 0.3685940594059406 0.18367592592592594 0.19253465346534654
9 0.8333888888888888 0.1788778877887789 0.16646296296296295 0.16633663366336635
9 0.39137962962962963 0.19609240924092408 0.14571296296296296 0.11629042904290429
10 0.6087037037037036 0.17417161716171617 0.15200925925925926 0.17763036303630364
10 0.2626759259259259 0.6410825082508251 0.15012037037037038 0.17672607260726073
64 0.21588888888888888 0.8592739273927392 0.16764814814814816 0.19115511551155118
10 0.1873240740740741 0.19493069306930694 0.21082407407407408 0.1341056105610561
64 0.6802592592592592 0.6376039603960396 0.23588888888888887 0.16448844884488448
9 0.5155925925925926 0.41718151815181514 0.1788611111111111 0.14121452145214522
10 0.25853703703703707 0.4103300330033003 0.2637407407407407 0.1553003300330033