10 0.3975370370370371 0.8321386138613862 0.15629629629629627 0.1879471947194718
9 0.21849074074074076 0.8394455445544554 0.13163888888888886 0.18068646864686486
9 0.5313333333333332 0.645009900990099 0.13801851851851846 0.1718613861386138
64 0.2652777777777778 0.3685940594059406 0.18367592592592594 0.19253465346534657
9 0.16661111111111115 0.1788778877887789 0.16646296296296295 0.16633663366336635
9 0.6086203703703703 0.19609240924092408 0.14571296296296285 0.11629042904290428
10 0.3912962962962963 0.17417161716171617 0.15200925925925923 0.17763036303630364
10 0.7373240740740741 0.6410825082508251 0.15012037037037046 0.1767260726072608
64 0.7841111111111111 0.8592739273927392 0.1676481481481481 0.1911551155115511
10 0.812675925925926 0.19493069306930694 0.21082407407407414 0.13410561056105608
64 0.31974074074074077 0.6376039603960396 0.23588888888888887 0.16448844884488445
9 0.4844074074074074 0.41718151815181514 0.17886111111111114 0.14121452145214525
10 0.741462962962963 0.4103300330033003 0.26374074074074066 0.15530033003300328