14 0.7795925925925926 0.8637161716171617 0.16288888888888894 0.11677227722772268
14 0.20150925925925925 0.5549900990099009 0.1702314814814815 0.12116171617161713
14 0.48526851851851854 0.5351485148514852 0.17468518518518522 0.13333333333333333
14 0.2162222222222222 0.8773465346534653 0.16017592592592594 0.11864026402640279
28 0.44390740740740736 0.7912673267326733 0.24152777777777784 0.24643564356435638
14 0.7835740740740741 0.23126072607260728 0.16822222222222227 0.11310891089108911
14 0.4948518518518519 0.2061914191419142 0.16249074074074074 0.125003300330033
14 0.7654907407407407 0.47713531353135313 0.17775925925925928 0.14564356435643572
14 0.18794444444444447 0.20454785478547854 0.16524074074074077 0.12322112211221124
47 0.7852499999999999 0.15431683168316832 0.17303703703703713 0.10011221122112213
47 0.4938148148148149 0.0943168316831683 0.17632407407407413 0.09467326732673267