9 0.6080185185185186 0.42812541254125414 0.16602777777777772 0.11728712871287132
9 0.15484259259259261 0.19051485148514852 0.1551296296296296 0.1236105610561056
9 0.6063148148148148 0.18734653465346535 0.15592592592592602 0.13011881188118812
10 0.6093425925925925 0.6325082508250826 0.16606481481481472 0.1769768976897689
9 0.39351851851851855 0.6373201320132013 0.13290740740740736 0.17629042904290423
10 0.7303981481481481 0.8761254125412541 0.22535185185185194 0.15843564356435658
10 0.3682222222222222 0.18289768976897688 0.20202777777777783 0.13882508250825085
10 0.8122777777777778 0.41846204620462046 0.19724074074074072 0.13695049504950496
10 0.29126851851851854 0.412013201320132 0.23338888888888887 0.16264026402640266
10 0.7963611111111111 0.18574257425742574 0.20812037037037034 0.14683828382838285
10 0.29578703703703707 0.8755511551155116 0.2505555555555556 0.15941254125412554