14 0.2204074074074074 0.8637161716171617 0.1628888888888889 0.11677227722772276
14 0.7984907407407408 0.5549900990099009 0.17023148148148148 0.12116171617161717
14 0.5147314814814814 0.5351485148514852 0.1746851851851852 0.13333333333333333
14 0.7837777777777778 0.8773465346534653 0.16017592592592594 0.11864026402640265
28 0.5560925925925926 0.7912673267326733 0.24152777777777779 0.24643564356435646
14 0.21642592592592594 0.23126072607260728 0.16822222222222222 0.11310891089108911
14 0.5051481481481481 0.2061914191419142 0.16249074074074074 0.125003300330033
14 0.23450925925925928 0.47713531353135313 0.17775925925925926 0.14564356435643563
14 0.8120555555555555 0.20454785478547854 0.16524074074074074 0.12322112211221123
47 0.21475 0.15431683168316832 0.17303703703703704 0.1001122112211221
47 0.5061851851851852 0.0943168316831683 0.17632407407407408 0.09467326732673267