11 0.40564814814814815 0.17856765676567654 0.12998148148148148 0.14694389438943894
11 0.8154722222222223 0.19793399339933992 0.2134814814814815 0.12122112211221123
11 0.6882499999999999 0.41196699669966996 0.14349074074074075 0.17271947194719472
11 0.4151111111111111 0.6562310231023103 0.19647222222222221 0.13322112211221124
11 0.7245185185185186 0.6550825082508251 0.09630555555555556 0.11260066006600661
11 0.3676111111111111 0.8763828382838283 0.1808611111111111 0.17326732673267325
112 0.20195370370370372 0.17252805280528052 0.18832407407407406 0.15954455445544555
112 0.6318425925925926 0.19926732673267325 0.1583425925925926 0.1188118811881188
112 0.3493981481481482 0.410937293729373 0.1748148148148148 0.17593399339933996
112 0.1743148148148148 0.6508712871287129 0.18030555555555555 0.14423102310231023
112 0.6186944444444445 0.6524422442244224 0.10771296296296295 0.10946534653465347
112 0.6580462962962963 0.8775379537953796 0.18548148148148147 0.17458745874587459
49 0.8620648148148148 0.5559603960396039 0.18078703703703702 0.0785082508250825