9 0.39198148148148143 0.42812541254125414 0.16602777777777777 0.11728712871287128
9 0.8451574074074074 0.19051485148514852 0.15512962962962962 0.12361056105610561
9 0.3936851851851852 0.18734653465346535 0.15592592592592594 0.13011881188118812
10 0.39065740740740745 0.6325082508250826 0.1660648148148148 0.17697689768976899
9 0.6064814814814815 0.6373201320132013 0.1329074074074074 0.1762904290429043
10 0.26960185185185187 0.8761254125412541 0.22535185185185186 0.15843564356435644
10 0.6317777777777778 0.18289768976897688 0.20202777777777778 0.13882508250825082
10 0.18772222222222223 0.41846204620462046 0.19724074074074074 0.13695049504950493
10 0.7087314814814815 0.412013201320132 0.2333888888888889 0.16264026402640264
10 0.2036388888888889 0.18574257425742574 0.20812037037037037 0.14683828382838285
10 0.7042129629629629 0.8755511551155116 0.2505555555555556 0.1594125412541254