73 0.3201111111111111 0.4106072607260726 0.1481574074074074 0.1783102310231023
10 0.6063518518518519 0.4008052805280528 0.1431111111111111 0.19302970297029703
10 0.6977407407407407 0.6436105610561056 0.20289814814814813 0.18227722772277227
10 0.19043518518518518 0.16491089108910892 0.16180555555555556 0.19346534653465347
9 0.5820833333333333 0.8726996699669968 0.21387037037037035 0.17312871287128714
10 0.620712962962963 0.16356435643564357 0.1599537037037037 0.18246204620462048
10 0.3464907407407407 0.8927854785478547 0.1942962962962963 0.16615181518151814
73 0.16005555555555556 0.8732673267326733 0.11904629629629629 0.13974917491749175
9 0.8451759259259259 0.3712805280528053 0.10674074074074075 0.08703630363036305
97 0.3821759259259259 0.4419273927392739 0.04139814814814815 0.029788778877887792
97 0.20560185185185187 0.8855775577557756 0.044314814814814814 0.02951155115511551