10 0.17247222222222222 0.18588778877887788 0.17644444444444446 0.1357887788778878
109 0.47413888888888894 0.2134125412541254 0.10236111111111111 0.0811023102310231
109 0.28087962962962965 0.43146534653465346 0.14685185185185184 0.11532673267326733
48 0.8476203703703703 0.8422244224422443 0.13789814814814816 0.13987458745874587
9 0.4615185185185185 0.6729174917491749 0.15587962962962962 0.10388118811881188
10 0.1444074074074074 0.4367854785478548 0.1367962962962963 0.11961056105610561
9 0.5946388888888889 0.21453465346534653 0.08912037037037036 0.07759735973597359
10 0.5007407407407407 0.8867788778877888 0.18810185185185185 0.1555049504950495
9 0.3449259259259259 0.8805148514851485 0.18793518518518518 0.1503828382838284
109 0.2753240740740741 0.6686534653465347 0.15930555555555556 0.11278547854785478
9 0.889037037037037 0.4255247524752475 0.13024999999999998 0.12787458745874586
109 0.19739814814814816 0.8949570957095709 0.16574074074074074 0.12144554455445546
48 0.781888888888889 0.1542904290429043 0.26987962962962964 0.19901650165016502
48 0.7309722222222222 0.6117095709570957 0.28287962962962965 0.26725412541254123
10 0.1506574074074074 0.6731089108910892 0.14713888888888887 0.10337953795379538