11 0.3209444444444444 0.19632343234323432 0.09132407407407407 0.1042904290429043
11 0.26864814814814814 0.40398019801980195 0.11037962962962963 0.13514851485148516
11 0.33866666666666667 0.6581980198019802 0.24336111111111106 0.13169636963696377
11 0.6677777777777778 0.895036303630363 0.17363888888888887 0.11860726072607264
11 0.3773148148148148 0.8699405940594059 0.15925925925925927 0.16285808580858088
112 0.19662962962962965 0.19999339933993399 0.11445370370370371 0.10734653465346534
112 0.1471296296296296 0.42037623762376236 0.10819444444444445 0.1311881188118812
112 0.7000833333333333 0.6544884488448844 0.18764814814814823 0.13983498349834977
112 0.835324074074074 0.8963630363036303 0.15789814814814812 0.1147920792079207
112 0.1852962962962963 0.8724620462046204 0.15135185185185188 0.16015841584158408
101 0.8138888888888889 0.17447524752475246 0.21561111111111123 0.16724752475247526
101 0.7689074074074074 0.37427062706270625 0.11527777777777778 0.22068646864686464
99 0.5929907407407408 0.18527392739273926 0.22445370370370377 0.14521452145214522
39 0.7769166666666666 0.4038283828382838 0.2803333333333333 0.17399339933993396
99 0.5670000000000001 0.38554455445544555 0.19208333333333338 0.21150495049504955