10 0.8275277777777778 0.18588778877887788 0.1764444444444444 0.13578877887788782
109 0.5258611111111111 0.2134125412541254 0.10236111111111107 0.0811023102310231
109 0.7191203703703704 0.43146534653465346 0.14685185185185176 0.11532673267326735
48 0.15237962962962967 0.8422244224422443 0.13789814814814816 0.13987458745874579
9 0.5384814814814814 0.6729174917491749 0.1558796296296296 0.10388118811881196
10 0.8555925925925926 0.4367854785478548 0.1367962962962963 0.11961056105610564
9 0.40536111111111106 0.21453465346534653 0.08912037037037036 0.07759735973597356
10 0.4992592592592593 0.8867788778877888 0.18810185185185188 0.1555049504950496
9 0.6550740740740741 0.8805148514851485 0.1879351851851852 0.15038283828382834
109 0.7246759259259259 0.6686534653465347 0.1593055555555555 0.11278547854785471
9 0.110962962962963 0.4255247524752475 0.13024999999999995 0.1278745874587459
109 0.8026018518518518 0.8949570957095709 0.16574074074074074 0.1214455445544556
48 0.21811111111111106 0.1542904290429043 0.26987962962962964 0.19901650165016502
48 0.26902777777777775 0.6117095709570957 0.28287962962962965 0.2672541254125412
10 0.8493425925925926 0.6731089108910892 0.14713888888888896 0.10337953795379531