11 0.6790555555555555 0.19632343234323432 0.09132407407407407 0.1042904290429043
11 0.7313518518518519 0.40398019801980195 0.11037962962962962 0.13514851485148516
11 0.6613333333333333 0.6581980198019801 0.24336111111111108 0.1316963696369637
11 0.33222222222222225 0.895036303630363 0.1736388888888889 0.11860726072607261
11 0.6226851851851852 0.8699405940594059 0.15925925925925927 0.16285808580858085
112 0.8033703703703704 0.19999339933993399 0.1144537037037037 0.10734653465346534
112 0.8528703703703704 0.42037623762376236 0.10819444444444444 0.1311881188118812
112 0.29991666666666666 0.6544884488448844 0.18764814814814815 0.13983498349834983
112 0.16467592592592592 0.8963630363036303 0.15789814814814815 0.11479207920792078
112 0.8147037037037037 0.8724620462046204 0.15135185185185185 0.16015841584158416
101 0.18611111111111112 0.17447524752475246 0.21561111111111111 0.16724752475247526
101 0.2310925925925926 0.37427062706270625 0.11527777777777778 0.22068646864686467
99 0.40700925925925924 0.18527392739273926 0.2244537037037037 0.14521452145214522
39 0.22308333333333333 0.4038283828382838 0.2803333333333333 0.17399339933993402
99 0.433 0.38554455445544555 0.19208333333333333 0.2115049504950495