73 0.6798888888888889 0.4106072607260726 0.1481574074074074 0.17831023102310234
10 0.39364814814814814 0.4008052805280528 0.14311111111111105 0.19302970297029706
10 0.3022592592592593 0.6436105610561056 0.20289814814814813 0.1822772277227722
10 0.8095648148148149 0.1649108910891089 0.16180555555555556 0.19346534653465347
9 0.4179166666666667 0.8726996699669968 0.21387037037037038 0.17312871287128712
10 0.37928703703703703 0.16356435643564357 0.1599537037037037 0.18246204620462042
10 0.6535092592592592 0.8927854785478547 0.19429629629629622 0.16615181518151803
73 0.8399444444444444 0.8732673267326733 0.11904629629629623 0.13974917491749161
9 0.15482407407407411 0.3712805280528053 0.10674074074074073 0.08703630363036308
97 0.617824074074074 0.4419273927392739 0.041398148148148184 0.02978877887788786
97 0.7943981481481482 0.8855775577557756 0.044314814814814724 0.029511551155115535