99 0.4359259259259259 0.8523564356435643 0.1899907407407408 0.12852145214521454
11 0.8120092592592593 0.18227062706270628 0.1925555555555556 0.14935973597359734
11 0.3664907407407407 0.18555775577557757 0.12194444444444448 0.1112937293729373
11 0.7806388888888889 0.4155115511551155 0.17998148148148138 0.14876567656765685
11 0.30746296296296294 0.4114917491749175 0.13912037037037037 0.15749834983498348
11 0.37347222222222226 0.6545016501650165 0.11353703703703705 0.13754455445544547
112 0.6070462962962964 0.18815181518151816 0.17287037037037042 0.13823762376237622
112 0.21541666666666665 0.1865280528052805 0.11121296296296297 0.11135973597359738
112 0.5884351851851852 0.4201782178217822 0.13944444444444437 0.13993399339933993
112 0.17843518518518522 0.4088646864686468 0.14725925925925923 0.13081188118811884
112 0.5475185185185184 0.6505874587458745 0.18976851851851856 0.14568316831683162
112 0.5978703703703704 0.8750825082508251 0.09768518518518518 0.060396039603960394
24 0.7732592592592593 0.6428052805280527 0.20717592592592593 0.1618151815181518
24 0.7753148148148148 0.8635841584158416 0.25419444444444445 0.1793135313531352
22 0.13938888888888887 0.6427458745874587 0.12961111111111112 0.16104950495049514
101 0.17113888888888892 0.8753729372937294 0.16476851851851854 0.15753795379537958
39 0.09607407407407406 0.1671221122112211 0.11287037037037036 0.05526072607260728
11 0.2765925925925926 0.8910693069306931 0.08884259259259261 0.060191419141914226