99 0.5640740740740741 0.8523564356435643 0.18999074074074074 0.12852145214521452
11 0.18799074074074074 0.18227062706270628 0.19255555555555556 0.14935973597359736
11 0.6335092592592593 0.18555775577557757 0.12194444444444444 0.1112937293729373
11 0.21936111111111112 0.4155115511551155 0.17998148148148146 0.14876567656765677
11 0.6925370370370371 0.4114917491749175 0.13912037037037037 0.1574983498349835
11 0.6265277777777778 0.6545016501650165 0.11353703703703705 0.13754455445544553
112 0.3929537037037037 0.18815181518151816 0.17287037037037037 0.13823762376237625
112 0.7845833333333333 0.1865280528052805 0.11121296296296296 0.11135973597359737
112 0.41156481481481483 0.4201782178217822 0.13944444444444443 0.13993399339933993
112 0.8215648148148148 0.4088646864686468 0.14725925925925926 0.13081188118811882
112 0.4524814814814815 0.6505874587458745 0.1897685185185185 0.1456831683168317
112 0.4021296296296296 0.8750825082508251 0.09768518518518518 0.060396039603960394
24 0.22674074074074074 0.6428052805280529 0.20717592592592593 0.16181518151815183
24 0.22468518518518518 0.8635841584158416 0.25419444444444445 0.17931353135313532
22 0.8606111111111111 0.6427458745874587 0.1296111111111111 0.16104950495049505
101 0.828861111111111 0.8753729372937294 0.1647685185185185 0.15753795379537952
39 0.9039259259259259 0.1671221122112211 0.11287037037037037 0.05526072607260726
11 0.7234074074074074 0.8910693069306931 0.0888425925925926 0.06019141914191419