73 0.7034814814814815 0.162013201320132 0.1454074074074074 0.1332145214521452
73 0.43241666666666667 0.6032409240924093 0.09412962962962963 0.08642244224422442
73 0.8153703703703704 0.6440396039603961 0.12192592592592594 0.15396699669966996
73 0.37113888888888885 0.900026402640264 0.13742592592592592 0.10890429042904291
73 0.811212962962963 0.885986798679868 0.10498148148148148 0.129009900990099
18 0.635787037037037 0.8841914191419141 0.1447037037037037 0.13741254125412541
18 0.16869444444444445 0.8923696369636964 0.16347222222222224 0.12421122112211222
18 0.6101296296296297 0.6489636963696369 0.15912037037037036 0.13861386138613863
18 0.21925925925925926 0.6737359735973597 0.2155462962962963 0.09076567656765676
18 0.6964444444444444 0.3735709570957096 0.20827777777777778 0.1374917491749175
18 0.32481481481481483 0.40173597359735974 0.15905555555555556 0.16724752475247526
18 0.38535185185185183 0.16664026402640264 0.1895 0.15446864686468648