14 0.6058333333333333 0.6443498349834984 0.09813888888888889 0.0677095709570957
82 0.8118703703703705 0.6584686468646865 0.1723796296296296 0.12763696369636965
14 0.32719444444444445 0.8391749174917491 0.11338888888888889 0.06972277227722772
82 0.45 0.20800660066006602 0.10925 0.118990099009901
82 0.5982407407407407 0.8826600660066006 0.1811111111111111 0.12642244224422441
14 0.28894444444444445 0.6663894389438945 0.14303703703703702 0.09968316831683169
82 0.8763611111111111 0.2109108910891089 0.14475925925925925 0.11427722772277227
82 0.45543518518518517 0.4556105610561056 0.13518518518518519 0.1202904290429043
82 0.862287037037037 0.4630891089108911 0.10266666666666666 0.09823762376237624
14 0.16648148148148148 0.11473267326732672 0.10271296296296296 0.06539273927392739
75 0.7491851851851852 0.20788778877887787 0.19144444444444444 0.13097689768976897
14 0.6054166666666667 0.12911551155115514 0.09657407407407408 0.06417821782178218
75 0.2557407407407407 0.436943894389439 0.25803703703703706 0.16062046204620462
75 0.786037037037037 0.8605610561056105 0.22874074074074074 0.16755115511551155
75 0.7732962962962963 0.44036963696369635 0.1572962962962963 0.11166336633663365
14 0.6458611111111111 0.4216765676567657 0.09036111111111111 0.05954455445544554
75 0.31712962962962965 0.20106270627062708 0.18530555555555556 0.12174257425742574