73 0.2965185185185185 0.162013201320132 0.14540740740740737 0.13321452145214524
73 0.5675833333333333 0.6032409240924093 0.0941296296296297 0.08642244224422446
73 0.18462962962962962 0.6440396039603961 0.12192592592592597 0.15396699669966987
73 0.6288611111111112 0.900026402640264 0.137425925925926 0.10890429042904276
73 0.18878703703703703 0.885986798679868 0.10498148148148148 0.1290099009900989
18 0.36421296296296296 0.8841914191419141 0.14470370370370367 0.1374125412541253
18 0.8313055555555555 0.8923696369636964 0.16347222222222219 0.12421122112211211
18 0.3898703703703703 0.6489636963696369 0.15912037037037038 0.13861386138613854
18 0.7807407407407407 0.6737359735973597 0.21554629629629626 0.09076567656765683
18 0.3035555555555556 0.3735709570957096 0.2082777777777778 0.13749174917491747
18 0.6751851851851852 0.40173597359735974 0.15905555555555553 0.1672475247524752
18 0.614648148148148 0.16664026402640264 0.18950000000000009 0.1544686468646865