24 0.15633333333333332 0.1667986798679868 0.15678703703703706 0.1882178217821782
24 0.4033796296296296 0.427986798679868 0.13214814814814815 0.11314191419141914
22 0.1699351851851852 0.4268448844884488 0.10696296296296295 0.13793399339933993
99 0.5719166666666666 0.14655445544554455 0.14577777777777778 0.12903630363036303
99 0.5071111111111111 0.39168976897689767 0.10768518518518519 0.11448844884488447
101 0.8087592592592593 0.1811089108910891 0.12716666666666668 0.1597755775577558
101 0.7036296296296296 0.4231419141914191 0.15600925925925926 0.14632343234323433
101 0.38158333333333333 0.6522310231023102 0.18462962962962964 0.15622442244224422
112 0.38331481481481483 0.18201980198019801 0.10001851851851852 0.05495049504950495
112 0.316712962962963 0.42037623762376236 0.08925925925925926 0.05484488448844885
112 0.21735185185185185 0.6897359735973597 0.07512962962962963 0.08116171617161716
112 0.6055277777777778 0.8872343234323433 0.19103703703703703 0.13786798679867987
11 0.7289166666666667 0.1954191419141914 0.09328703703703704 0.06493729372937293
11 0.16427777777777777 0.6907524752475248 0.10827777777777778 0.07912871287128713
11 0.7168703703703704 0.662996699669967 0.1977685185185185 0.13324092409240926
11 0.39249074074074075 0.8813201320132014 0.19823148148148148 0.14117491749174918
11 0.6153148148148148 0.4614917491749175 0.13385185185185186 0.0496963696369637
99 0.5090185185185185 0.6635907590759076 0.1087962962962963 0.13310891089108912