14 0.3941666666666667 0.6443498349834984 0.0981388888888889 0.06770957095709566
82 0.1881296296296296 0.6584686468646865 0.1723796296296296 0.1276369636963697
14 0.6728055555555555 0.8391749174917491 0.11338888888888893 0.0697227722772278
82 0.55 0.20800660066006602 0.10925000000000001 0.11899009900990098
82 0.40175925925925926 0.8826600660066006 0.18111111111111108 0.12642244224422455
14 0.7110555555555556 0.6663894389438945 0.14303703703703705 0.09968316831683174
82 0.12363888888888887 0.2109108910891089 0.14475925925925928 0.11427722772277227
82 0.5445648148148148 0.4556105610561056 0.13518518518518519 0.1202904290429043
82 0.13771296296296298 0.4630891089108911 0.10266666666666666 0.09823762376237619
14 0.8335185185185185 0.11473267326732672 0.10271296296296302 0.06539273927392739
75 0.2508148148148148 0.20788778877887787 0.19144444444444444 0.13097689768976897
14 0.3945833333333333 0.12911551155115514 0.09657407407407403 0.0641782178217822
75 0.7442592592592592 0.436943894389439 0.2580370370370371 0.16062046204620456
75 0.213962962962963 0.8605610561056105 0.22874074074074072 0.16755115511551164
75 0.22670370370370374 0.44036963696369635 0.1572962962962963 0.11166336633663371
14 0.3541388888888889 0.4216765676567657 0.09036111111111114 0.05954455445544557
75 0.6828703703703703 0.20106270627062708 0.18530555555555567 0.12174257425742575