109 0.20167592592592593 0.401973597359736 0.2385740740740741 0.17627062706270627
10 0.3938148148148148 0.6485214521452145 0.16339814814814815 0.1463828382838284
9 0.45638888888888884 0.8887458745874588 0.16852777777777778 0.13002640264026402
9 0.1618888888888889 0.6713267326732673 0.16435185185185186 0.10122772277227723
109 0.6314351851851853 0.6674389438943894 0.21941666666666668 0.10976897689768977
10 0.6158148148148148 0.8822244224422442 0.11416666666666667 0.13815181518151817
109 0.3193796296296296 0.8851485148514852 0.10739814814814815 0.1420924092409241
10 0.778 0.33794059405940596 0.20777777777777778 0.22506930693069307
57 0.1836574074074074 0.8712475247524752 0.12131481481481482 0.16755775577557755
9 0.366287037037037 0.38846864686468646 0.1435925925925926 0.16347854785478547
57 0.2523518518518519 0.30911551155115513 0.1320462962962963 0.24512871287128712
9 0.8095648148148149 0.6727722772277228 0.14090740740740743 0.09895709570957095