109 0.7983240740740741 0.401973597359736 0.23857407407407416 0.17627062706270624
10 0.6061851851851853 0.6485214521452145 0.16339814814814818 0.14638283828382836
9 0.5436111111111112 0.8887458745874588 0.16852777777777778 0.1300264026402642
9 0.838111111111111 0.6713267326732673 0.16435185185185186 0.10122772277227732
109 0.3685648148148148 0.6674389438943894 0.2194166666666667 0.10976897689768973
10 0.38418518518518513 0.8822244224422442 0.11416666666666662 0.13815181518151828
109 0.6806203703703703 0.8851485148514852 0.10739814814814816 0.1420924092409241
10 0.222 0.33794059405940596 0.20777777777777776 0.22506930693069307
57 0.8163425925925926 0.8712475247524752 0.12131481481481479 0.1675577557755775
9 0.6337129629629631 0.38846864686468646 0.14359259259259252 0.1634785478547855
57 0.7476481481481482 0.30911551155115513 0.1320462962962964 0.24512871287128712
9 0.19043518518518515 0.6727722772277228 0.14090740740740745 0.09895709570957101