33 0.33037037037037037 0.18113531353135315 0.17469444444444443 0.1266864686468647
64 0.5548611111111111 0.15874587458745876 0.17328703703703704 0.17453465346534655
33 0.1814537037037037 0.42153795379537956 0.11319444444444444 0.13303630363036303
64 0.36064814814814816 0.866924092409241 0.23997222222222223 0.17155115511551153
33 0.6318518518518518 0.880072607260726 0.16839814814814816 0.10784818481848184
64 0.36410185185185184 0.402019801980198 0.20499074074074072 0.16046204620462046
33 0.6334907407407407 0.42211221122112214 0.13683333333333333 0.13316171617161718
33 0.2905462962962963 0.6522706270627063 0.18425 0.1172013201320132
64 0.7545648148148147 0.6284158415841584 0.22953703703703704 0.17265346534653464
64 0.7937592592592593 0.394937293729373 0.1761574074074074 0.1406006600660066
49 0.3629722222222222 0.7032079207920792 0.06673148148148147 0.019801980198019802
49 0.5296388888888889 0.6570891089108911 0.07961111111111112 0.03718811881188119
49 0.6714074074074075 0.9440924092409241 0.05623148148148148 0.0156963696369637
49 0.8646666666666667 0.9006270627062707 0.05318518518518518 0.024389438943894393