10 0.8152685185185186 0.1900924092409241 0.17702777777777778 0.12695049504950495
10 0.35335185185185186 0.4052673267326733 0.18635185185185185 0.16282508250825084
9 0.20275925925925925 0.4103696369636964 0.11222222222222222 0.15246864686468647
10 0.35474074074074075 0.18686468646864687 0.20562037037037037 0.13267326732673268
10 0.8615648148148148 0.6466402640264026 0.14376851851851852 0.14796039603960395
10 0.8434259259259259 0.9034059405940594 0.12262962962962963 0.10561716171617161
9 0.17033333333333334 0.1944092409240924 0.14677777777777778 0.11717491749174919
9 0.6211203703703703 0.19927392739273925 0.2004351851851852 0.10842244224422441
10 0.8075833333333334 0.4288118811881188 0.19875925925925925 0.11869966996699671
9 0.6111111111111112 0.43485148514851485 0.14769444444444443 0.1057953795379538
57 0.45649999999999996 0.6132409240924092 0.2046851851851852 0.2042178217821782
73 0.1503796296296296 0.8643828382838283 0.12376851851851851 0.11475247524752474
9 0.742 0.6538217821782178 0.10630555555555556 0.13897689768976898
9 0.27994444444444444 0.8657029702970297 0.12207407407407407 0.11452805280528053
109 0.5908703703703704 0.6463564356435644 0.17853703703703702 0.14594059405940593
73 0.11320370370370371 0.6137689768976898 0.10023148148148148 0.08801980198019801
73 0.5832499999999999 0.905887788778878 0.11747222222222223 0.10012541254125412
9 0.6750555555555555 0.9058547854785478 0.1248425925925926 0.10025082508250825