33 0.8393888888888889 0.20642244224422443 0.14722222222222223 0.09840924092409244
33 0.42150925925925925 0.21332013201320132 0.1260740740740741 0.0906072607260726
33 0.7026203703703703 0.42154455445544553 0.17327777777777767 0.15061386138613866
33 0.8250833333333334 0.66996699669967 0.1674166666666666 0.10621122112211219
33 0.41138888888888886 0.6705676567656764 0.13988888888888887 0.10741254125412535
33 0.8233796296296296 0.8976897689768977 0.18608333333333335 0.11401320132013203
36 0.6134074074074074 0.16621782178217823 0.17325925925925917 0.18001980198019804
36 0.22667592592592586 0.19112211221122113 0.24470370370370367 0.15541254125412537
36 0.34281481481481485 0.3981386138613861 0.2346296296296296 0.19141914191419143
36 0.6007870370370371 0.6375643564356436 0.19345370370370377 0.17221782178217826
36 0.19258333333333333 0.6387656765676568 0.21860185185185188 0.16861386138613857
36 0.2691851851851852 0.8574851485148515 0.3448703703703704 0.19081848184818492