33 0.16061111111111112 0.20642244224422443 0.14722222222222223 0.09840924092409241
33 0.5784907407407407 0.21332013201320132 0.12607407407407406 0.09060726072607261
33 0.29737962962962966 0.42154455445544553 0.17327777777777775 0.1506138613861386
33 0.17491666666666666 0.66996699669967 0.16741666666666666 0.1062112211221122
33 0.5886111111111112 0.6705676567656765 0.1398888888888889 0.1074125412541254
33 0.17662037037037037 0.8976897689768977 0.18608333333333332 0.11401320132013201
36 0.3865925925925926 0.16621782178217823 0.17325925925925925 0.18001980198019804
36 0.7733240740740741 0.19112211221122113 0.24470370370370367 0.1554125412541254
36 0.6571851851851852 0.3981386138613861 0.23462962962962963 0.19141914191419143
36 0.39921296296296294 0.6375643564356436 0.1934537037037037 0.17221782178217823
36 0.8074166666666667 0.6387656765676568 0.21860185185185185 0.1686138613861386
36 0.7308148148148148 0.8574851485148515 0.3448703703703703 0.1908184818481848