10 0.8142685185185184 0.6693531353135314 0.09931481481481481 0.10683828382838284
61 0.4090740740740741 0.6224686468646864 0.10825925925925926 0.17217161716171617
10 0.606 0.2098943894389439 0.13687962962962963 0.0926996699669967
10 0.24321296296296296 0.6704290429042905 0.12025000000000001 0.09963696369636962
10 0.1752037037037037 0.2047656765676568 0.13116666666666665 0.1021056105610561
10 0.2712962962962963 0.44732673267326734 0.17294444444444446 0.08334653465346534
61 0.34367592592592594 0.1527062706270627 0.1574074074074074 0.2061980198019802
61 0.7999814814814815 0.154 0.23732407407407408 0.20375577557755775
61 0.4145185185185185 0.3858019801980198 0.3092962962962963 0.2072937293729373
61 0.4592777777777778 0.8503432343234323 0.2064814814814815 0.2110891089108911
61 0.6303981481481482 0.6317689768976897 0.2383333333333333 0.18114191419141915
10 0.6990277777777778 0.9026138613861386 0.14267592592592593 0.10632343234323433
51 0.7545462962962962 0.39017161716171617 0.32811111111111113 0.19814521452145215