73 0.4143796296296296 0.1812079207920792 0.10929629629629631 0.143993399339934
73 0.23011111111111113 0.6537623762376238 0.10943518518518518 0.13786138613861387
73 0.626 0.667953795379538 0.1495277777777778 0.1092079207920792
73 0.3037037037037037 0.8726996699669968 0.13710185185185184 0.16306270627062705
18 0.6353055555555556 0.870990099009901 0.20939814814814817 0.16621782178217823
18 0.7955462962962964 0.6634059405940593 0.14541666666666667 0.1170957095709571
18 0.35083333333333333 0.6531683168316832 0.11351851851851852 0.14581518151815182
18 0.5959166666666667 0.40735313531353134 0.19621296296296295 0.16124752475247525
18 0.2700462962962963 0.17714851485148514 0.1441111111111111 0.15155775577557756
18 0.7408333333333333 0.183986798679868 0.17111111111111113 0.13814521452145215
73 0.4423518518518519 0.4147524752475248 0.1435462962962963 0.15188118811881188