10 0.5765555555555555 0.6393135313531353 0.1879074074074074 0.16955115511551155
10 0.20395370370370372 0.8895379537953796 0.17682407407407408 0.13110231023102312
10 0.46872222222222226 0.17195379537953795 0.14892592592592593 0.16833003300330035
10 0.6134259259259259 0.41097689768976897 0.1287037037037037 0.15956435643564357
9 0.3972685185185185 0.8955577557755775 0.14155555555555555 0.11904290429042903
9 0.7571481481481481 0.6432871287128713 0.16199074074074074 0.15493729372937293
10 0.6414074074074074 0.8893531353135313 0.1945925925925926 0.13225742574257426
9 0.8406944444444445 0.8967788778877888 0.13938888888888887 0.11735973597359736
9 0.7784907407407408 0.41569636963696366 0.11582407407407408 0.1549042904290429
9 0.27972222222222226 0.41162376237623766 0.1887222222222222 0.13924092409240924
9 0.6893703703703703 0.19438943894389438 0.22559259259259257 0.08855445544554455