73 0.5856203703703704 0.1812079207920792 0.10929629629629627 0.143993399339934
73 0.769888888888889 0.6537623762376238 0.10943518518518523 0.13786138613861396
73 0.37399999999999994 0.667953795379538 0.1495277777777778 0.10920792079207917
73 0.6962962962962963 0.8726996699669968 0.13710185185185178 0.16306270627062705
18 0.36469444444444443 0.870990099009901 0.20939814814814814 0.16621782178217834
18 0.20445370370370367 0.6634059405940593 0.14541666666666664 0.11709570957095715
18 0.6491666666666667 0.6531683168316832 0.11351851851851844 0.1458151815181518
18 0.4040833333333333 0.40735313531353134 0.19621296296296298 0.16124752475247522
18 0.7299537037037037 0.17714851485148514 0.14411111111111122 0.15155775577557756
18 0.25916666666666666 0.183986798679868 0.1711111111111111 0.13814521452145212
73 0.5576481481481481 0.4147524752475248 0.14354629629629628 0.15188118811881182