94 0.8124444444444445 0.19232343234323432 0.15100925925925918 0.12400660066006601
94 0.401074074074074 0.19234983498349836 0.13213888888888892 0.12475247524752475
94 0.3912962962962963 0.3882112211221122 0.19368518518518524 0.16079207920792077
94 0.7283611111111111 0.6337953795379538 0.19462962962962968 0.1661518151815181
94 0.3592222222222223 0.6555445544554456 0.20302777777777775 0.1500396039603961
94 0.5150925925925925 0.8724026402640265 0.17037037037037037 0.16567656765676567
72 0.6372592592592593 0.19838943894389438 0.19774999999999995 0.11250165016501648
72 0.195212962962963 0.1965610561056106 0.20815740740740737 0.11706270627062708
72 0.7090833333333333 0.4048184818481848 0.18174999999999997 0.16337293729372937
11 0.7066296296296297 0.876013201320132 0.196824074074074 0.15023102310231018
39 0.20715740740740743 0.8460528052805281 0.24670370370370376 0.22817821782178221