10 0.3850925925925926 0.4316963696369637 0.15871296296296294 0.11442904290429051
10 0.8210185185185186 0.1952211221122112 0.12096296296296284 0.14692409240924095
10 0.17606481481481479 0.9066072607260726 0.13262962962962963 0.11349834983498337
73 0.2038148148148148 0.4343696369636964 0.1477222222222222 0.10975577557755774
73 0.676712962962963 0.19709570957095712 0.10907407407407403 0.1390957095709571
57 0.1474166666666667 0.6450693069306931 0.15271296296296297 0.16259405940594054
109 0.398 0.19679867986798677 0.1106203703703704 0.1438151815181518
57 0.5286296296296297 0.18717491749174917 0.11576851851851849 0.16061386138613865
17 0.3860740740740741 0.900039603960396 0.1515925925925926 0.11010561056105607
73 0.7211574074074074 0.424 0.22350925925925935 0.12993399339933986
64 0.8603240740740741 0.9091617161716172 0.13197222222222219 0.09234983498349826
73 0.5368240740740741 0.9085148514851485 0.12430555555555556 0.0927722772277229
9 0.20647222222222222 0.2007656765676568 0.17350925925925925 0.13590099009900988
17 0.7537037037037037 0.9061782178217821 0.13139814814814824 0.09809900990099003
64 0.8239537037037037 0.6511617161716171 0.16123148148148136 0.13891089108910887
17 0.6504166666666668 0.6473465346534654 0.17843518518518522 0.1481254125412541
73 0.29215740740740737 0.654026402640264 0.14608333333333332 0.14130033003300327
73 0.10316666666666663 0.9076435643564356 0.05459259259259259 0.09565676567656771
10 0.4195833333333333 0.6499339933993399 0.13504629629629628 0.1457557755775577