18 0.3272407407407408 0.18458085808580857 0.1315185185185185 0.14757095709570955
18 0.7789444444444444 0.18393399339933994 0.14224074074074075 0.13685148514851486
18 0.34575925925925927 0.4158415841584158 0.1751574074074074 0.14427062706270627
18 0.7148425925925925 0.4214983498349835 0.09521296296296296 0.12481848184818481
18 0.31239814814814815 0.6451287128712871 0.1496296296296296 0.13843564356435642
18 0.7410925925925926 0.6460990099009901 0.1604537037037037 0.14980858085808582
18 0.5884537037037036 0.8736435643564356 0.1248425925925926 0.15275907590759077
97 0.8176018518518519 0.6282376237623762 0.06830555555555555 0.10490429042904291
97 0.44269444444444445 0.8564950495049505 0.08285185185185186 0.0971221122112211
73 0.36135185185185187 0.8745280528052806 0.13642592592592592 0.1485148514851485
73 0.6064814814814815 0.6485742574257426 0.16451851851851854 0.13955775577557755
73 0.1613425925925926 0.6477227722772277 0.12197222222222222 0.14256105610561057
73 0.5600277777777778 0.38660726072607265 0.05899074074074074 0.06883828382838285
73 0.1847777777777778 0.4174917491749175 0.10832407407407407 0.14097029702970296
73 0.6272592592592593 0.18631683168316832 0.10855555555555554 0.1341914191419142
73 0.17712962962962964 0.18563696369636964 0.12494444444444444 0.1405016501650165