94 0.18755555555555556 0.19232343234323432 0.15100925925925926 0.12400660066006601
94 0.598925925925926 0.19234983498349836 0.1321388888888889 0.12475247524752475
94 0.6087037037037036 0.3882112211221122 0.19368518518518518 0.1607920792079208
94 0.2716388888888889 0.6337953795379538 0.19462962962962962 0.16615181518151814
94 0.6407777777777778 0.6555445544554456 0.20302777777777778 0.15003960396039603
94 0.48490740740740745 0.8724026402640265 0.17037037037037037 0.16567656765676567
72 0.36274074074074075 0.19838943894389438 0.19774999999999998 0.1125016501650165
72 0.804787037037037 0.1965610561056106 0.2081574074074074 0.11706270627062706
72 0.29091666666666666 0.4048184818481848 0.18175 0.16337293729372937
11 0.29337037037037034 0.876013201320132 0.19682407407407407 0.15023102310231023
39 0.7928425925925926 0.8460528052805281 0.2467037037037037 0.2281782178217822