10 0.6149074074074075 0.4316963696369637 0.15871296296296297 0.11442904290429044
10 0.1789814814814815 0.1952211221122112 0.12096296296296295 0.14692409240924093
10 0.8239351851851852 0.9066072607260726 0.13262962962962963 0.1134983498349835
73 0.7961851851851852 0.4343696369636964 0.14772222222222223 0.10975577557755775
73 0.32328703703703704 0.19709570957095712 0.10907407407407407 0.1390957095709571
57 0.8525833333333332 0.6450693069306931 0.15271296296296297 0.1625940594059406
109 0.602 0.19679867986798677 0.11062037037037037 0.1438151815181518
57 0.47137037037037033 0.18717491749174917 0.11576851851851852 0.16061386138613862
17 0.6139259259259259 0.900039603960396 0.15159259259259258 0.11010561056105611
73 0.2788425925925926 0.424 0.22350925925925924 0.12993399339933992
64 0.13967592592592593 0.9091617161716172 0.1319722222222222 0.09234983498349834
73 0.46317592592592594 0.9085148514851485 0.12430555555555556 0.09277227722772279
9 0.7935277777777777 0.2007656765676568 0.17350925925925925 0.13590099009900988
17 0.2462962962962963 0.9061782178217821 0.13139814814814815 0.0980990099009901
64 0.17604629629629628 0.6511617161716171 0.16123148148148148 0.1389108910891089
17 0.34958333333333336 0.6473465346534654 0.1784351851851852 0.14812541254125414
73 0.7078425925925926 0.654026402640264 0.14608333333333334 0.1413003300330033
73 0.8968333333333334 0.9076435643564356 0.054592592592592595 0.09565676567656765
10 0.5804166666666667 0.6499339933993399 0.1350462962962963 0.14575577557755776