11 0.7226296296296297 0.18323432343234325 0.17763888888888882 0.14500990099009903
11 0.8129722222222222 0.4214125412541255 0.17700000000000007 0.13522772277227715
11 0.3864722222222222 0.4265016501650165 0.16679629629629628 0.12572937293729375
11 0.7832314814814815 0.6542838283828383 0.15851851851851856 0.1358085808580858
94 0.5457962962962963 0.17702310231023102 0.137175925925926 0.15772937293729375
94 0.6287314814814815 0.41767656765676564 0.1426481481481481 0.14314851485148508
94 0.19019444444444442 0.41708910891089107 0.17743518518518517 0.1443828382838284
94 0.6248148148148148 0.6483036303630363 0.15132407407407414 0.15293729372937298
94 0.7015462962962964 0.8756105610561056 0.16279629629629624 0.14670627062706254
39 0.22993518518518521 0.14716831683168316 0.29746296296296293 0.2174059405940594
39 0.2988055555555556 0.6274125412541254 0.4279907407407408 0.2005214521452145
39 0.2836851851851852 0.8577095709570958 0.3783055555555555 0.18308910891089117
11 0.5703796296296296 0.870046204620462 0.18076851851851852 0.13320132013201333