10 0.6327407407407407 0.41064026402640263 0.1737037037037037 0.16077227722772278
10 0.17602777777777778 0.8787062706270627 0.16596296296296298 0.15302970297029703
10 0.6143148148148149 0.8753465346534655 0.14507407407407408 0.14984818481848186
10 0.4485925925925926 0.184006600660066 0.21025 0.15004620462046203
10 0.2020648148148148 0.4203036303630363 0.2066574074074074 0.14990759075907592
73 0.6804629629629629 0.18053465346534653 0.11838888888888889 0.15543234323432342
10 0.6320555555555556 0.649973597359736 0.17208333333333334 0.15124092409240925
73 0.3620648148148148 0.650930693069307 0.11649074074074074 0.1486798679867987
73 0.39924074074074073 0.4209108910891089 0.11483333333333333 0.14679207920792078
73 0.3466203703703704 0.8853795379537953 0.11922222222222222 0.14023102310231023
10 0.1871574074074074 0.6564422442244224 0.1273425925925926 0.1313927392739274
73 0.8669259259259259 0.4161122112211221 0.11060185185185185 0.14767656765676568
73 0.773824074074074 0.8831815181518151 0.1635462962962963 0.147993399339934
73 0.8345 0.6531749174917492 0.10872222222222222 0.14386798679867988
97 0.6204999999999999 0.18581518151815182 0.11003703703703704 0.10046864686468647
97 0.34592592592592597 0.4270297029702971 0.1288611111111111 0.06712211221122112
97 0.7931111111111111 0.418013201320132 0.10285185185185185 0.1005016501650165
97 0.3065277777777778 0.6441518151815181 0.08042592592592593 0.06466666666666666
97 0.7718333333333334 0.6463762376237624 0.07579629629629629 0.04352475247524752
97 0.3822407407407407 0.9022442244224423 0.09015740740740741 0.08108250825082508
97 0.8453796296296296 0.8838151815181519 0.05024074074074074 0.10086468646864687