11 0.2773703703703704 0.18323432343234325 0.17763888888888887 0.145009900990099
11 0.1870277777777778 0.4214125412541255 0.177 0.13522772277227724
11 0.6135277777777778 0.4265016501650165 0.16679629629629628 0.12572937293729372
11 0.21676851851851853 0.6542838283828383 0.1585185185185185 0.1358085808580858
94 0.4542037037037037 0.17702310231023102 0.13717592592592592 0.15772937293729372
94 0.37126851851851855 0.41767656765676564 0.14264814814814816 0.14314851485148516
94 0.8098055555555556 0.41708910891089107 0.17743518518518517 0.1443828382838284
94 0.3751851851851852 0.6483036303630363 0.15132407407407408 0.15293729372937293
94 0.29845370370370367 0.8756105610561056 0.1627962962962963 0.1467062706270627
39 0.7700648148148148 0.14716831683168316 0.29746296296296293 0.2174059405940594
39 0.7011944444444445 0.6274125412541254 0.4279907407407408 0.20052145214521452
39 0.7163148148148148 0.8577095709570958 0.37830555555555556 0.18308910891089109
11 0.4296203703703704 0.870046204620462 0.18076851851851852 0.13320132013201322