10 0.36725925925925923 0.41064026402640263 0.17370370370370372 0.16077227722772272
10 0.8239722222222222 0.8787062706270627 0.16596296296296298 0.15302970297029714
10 0.38568518518518513 0.8753465346534655 0.14507407407407413 0.14984818481848183
10 0.5514074074074073 0.184006600660066 0.21024999999999994 0.15004620462046203
10 0.7979351851851851 0.4203036303630363 0.20665740740740746 0.149907590759076
73 0.31953703703703706 0.18053465346534653 0.1183888888888889 0.15543234323432345
10 0.36794444444444446 0.649973597359736 0.17208333333333337 0.1512409240924093
73 0.6379351851851852 0.6509306930693068 0.11649074074074069 0.1486798679867986
73 0.6007592592592592 0.4209108910891089 0.11483333333333332 0.14679207920792087
73 0.6533796296296296 0.8853795379537953 0.11922222222222222 0.14023102310231012
10 0.8128425925925926 0.6564422442244224 0.12734259259259256 0.13139273927392736
73 0.1330740740740741 0.4161122112211221 0.11060185185185184 0.14767656765676568
73 0.22617592592592592 0.8831815181518151 0.1635462962962963 0.14799339933993402
73 0.1655 0.6531749174917492 0.10872222222222223 0.1438679867986799
97 0.3795 0.18581518151815182 0.11003703703703707 0.1004686468646865
97 0.654074074074074 0.4270297029702971 0.12886111111111118 0.06712211221122116
97 0.20688888888888893 0.418013201320132 0.10285185185185186 0.1005016501650165
97 0.6934722222222223 0.6441518151815181 0.08042592592592583 0.06466666666666668
97 0.22816666666666663 0.6463762376237624 0.0757962962962963 0.04352475247524756
97 0.6177592592592593 0.9022442244224423 0.09015740740740731 0.08108250825082518
97 0.15462037037037038 0.8838151815181519 0.05024074074074073 0.10086468646864682