73 0.6085555555555555 0.8751089108910891 0.12962037037037039 0.15482508250825083
73 0.748212962962963 0.40493069306930696 0.14714814814814814 0.16145874587458747
7 0.31019444444444444 0.15081848184818483 0.26225000000000004 0.20798019801980197
33 0.2699722222222222 0.6550033003300331 0.15435185185185185 0.1330825082508251
33 0.45620370370370367 0.8926996699669968 0.14024999999999999 0.12802640264026402
33 0.783037037037037 0.18046204620462045 0.17754629629629629 0.12382838283828382
64 0.5003240740740741 0.40262706270627063 0.15697222222222224 0.16465346534653463
64 0.30675 0.8745940594059406 0.14118518518518516 0.15957095709570956
64 0.456537037037037 0.6398811881188119 0.17987962962962964 0.16403300330033002
33 0.2911574074074074 0.41894389438943896 0.17239814814814813 0.12251485148514853
73 0.6857962962962962 0.64203300330033 0.21427777777777776 0.1596039603960396
64 0.6070277777777778 0.16248184818481848 0.21405555555555555 0.15571617161716172