39 0.3778796296296296 0.15 0.25669444444444445 0.20957095709570958
39 0.8217407407407408 0.1534059405940594 0.1902962962962963 0.20324092409240926
39 0.18887037037037036 0.38275247524752476 0.21085185185185185 0.1934851485148515
39 0.8306759259259259 0.37577557755775576 0.18937037037037038 0.20947194719471948
39 0.21574074074074073 0.6404554455445545 0.3133518518518519 0.17424422442244225
11 0.16872222222222222 0.1973201320132013 0.1502314814814815 0.11424422442244225
11 0.6263796296296297 0.1985874587458746 0.14302777777777778 0.11182838283828382
11 0.6371296296296296 0.4103300330033003 0.12251851851851851 0.13574257425742575
11 0.7523240740740741 0.7663168316831683 0.3113425925925926 0.2654917491749175
94 0.4921851851851851 0.4038349834983498 0.15641666666666668 0.1534125412541254
94 0.48207407407407404 0.8175247524752475 0.29637037037037034 0.21393399339933994