73 0.39144444444444443 0.8751089108910891 0.12962037037037039 0.15482508250825078
73 0.251787037037037 0.40493069306930696 0.1471481481481481 0.1614587458745875
7 0.6898055555555556 0.15081848184818483 0.26225000000000004 0.20798019801980192
33 0.7300277777777778 0.6550033003300331 0.1543518518518519 0.13308250825082515
33 0.5437962962962962 0.8926996699669968 0.14025 0.12802640264026405
33 0.216962962962963 0.18046204620462045 0.17754629629629629 0.12382838283828385
64 0.4996759259259259 0.40262706270627063 0.1569722222222222 0.1646534653465347
64 0.69325 0.8745940594059406 0.1411851851851852 0.15957095709570956
64 0.543462962962963 0.6398811881188119 0.1798796296296296 0.16403300330033002
33 0.7088425925925925 0.41894389438943896 0.1723981481481482 0.1225148514851486
73 0.3142037037037037 0.64203300330033 0.21427777777777773 0.15960396039603958
64 0.39297222222222217 0.16248184818481848 0.2140555555555556 0.15571617161716172