10 0.18478703703703708 0.41382178217821786 0.18190740740740743 0.14971617161716166
73 0.40535185185185185 0.4124158415841584 0.1529814814814815 0.1505016501650165
10 0.3692870370370371 0.8874719471947194 0.1504351851851852 0.13211881188118801
73 0.22029629629629627 0.2096765676567657 0.16106481481481483 0.11019801980198017
10 0.8206018518518519 0.8909702970297029 0.14193518518518516 0.12603960396039593
73 0.6338148148148148 0.19895049504950496 0.16820370370370377 0.1150891089108911
10 0.4078703703703704 0.19820462046204618 0.1484722222222222 0.11722112211221124
73 0.6358240740740742 0.435953795379538 0.1368703703703703 0.10600660066006595
64 0.6895833333333333 0.6534785478547854 0.12143518518518527 0.13528052805280524
10 0.8150740740740741 0.43091749174917493 0.1811574074074075 0.11575577557755784
9 0.6530462962962963 0.8953861386138614 0.1786481481481482 0.117115511551155
9 0.2207870370370371 0.8961518151815182 0.1855462962962963 0.11612541254125401
73 0.8293055555555555 0.6518481848184818 0.1300370370370371 0.13801320132013203
9 0.20212962962962958 0.6536765676567657 0.11931481481481483 0.1335247524752476
10 0.8154629629629631 0.19514191419141913 0.15876851851851853 0.12252805280528052
17 0.49833333333333335 0.6503894389438944 0.14218518518518514 0.1421518151815181
10 0.32280555555555557 0.6520396039603961 0.12926851851851853 0.13930693069306926
109 0.10744444444444441 0.652079207920792 0.06405555555555556 0.13955115511551153