10 0.8152129629629629 0.41382178217821786 0.1819074074074074 0.14971617161716172
73 0.5946481481481481 0.4124158415841584 0.15298148148148147 0.1505016501650165
10 0.630712962962963 0.8874719471947194 0.15043518518518517 0.13211881188118813
73 0.7797037037037038 0.2096765676567657 0.1610648148148148 0.11019801980198018
10 0.17939814814814814 0.8909702970297029 0.14193518518518516 0.12603960396039604
73 0.3661851851851852 0.19895049504950496 0.1682037037037037 0.1150891089108911
10 0.5921296296296297 0.19820462046204618 0.14847222222222223 0.11722112211221122
73 0.3641759259259259 0.435953795379538 0.13687037037037036 0.10600660066006601
64 0.3104166666666667 0.6534785478547854 0.12143518518518519 0.13528052805280527
10 0.18492592592592594 0.43091749174917493 0.1811574074074074 0.11575577557755776
9 0.3469537037037037 0.8953861386138614 0.17864814814814814 0.11711551155115511
9 0.7792129629629629 0.8961518151815182 0.1855462962962963 0.11612541254125414
73 0.17069444444444443 0.6518481848184818 0.13003703703703703 0.138013201320132
9 0.7978703703703705 0.6536765676567657 0.11931481481481483 0.13352475247524753
10 0.18453703703703705 0.19514191419141913 0.15876851851851853 0.12252805280528052
17 0.5016666666666666 0.6503894389438944 0.1421851851851852 0.14215181518151815
10 0.6771944444444444 0.6520396039603961 0.12926851851851853 0.13930693069306932
109 0.8925555555555555 0.6520792079207921 0.06405555555555556 0.13955115511551155