39 0.6221203703703704 0.15 0.25669444444444445 0.20957095709570958
39 0.17825925925925926 0.1534059405940594 0.19029629629629627 0.20324092409240926
39 0.8111296296296296 0.38275247524752476 0.21085185185185187 0.19348514851485143
39 0.16932407407407407 0.37577557755775576 0.18937037037037036 0.20947194719471945
39 0.7842592592592592 0.6404554455445545 0.31335185185185194 0.17424422442244225
11 0.8312777777777778 0.1973201320132013 0.1502314814814815 0.11424422442244227
11 0.3736203703703704 0.1985874587458746 0.1430277777777778 0.11182838283828381
11 0.36287037037037034 0.4103300330033003 0.12251851851851846 0.1357425742574258
11 0.24767592592592594 0.7663168316831683 0.3113425925925926 0.2654917491749174
94 0.5078148148148148 0.4038349834983498 0.15641666666666673 0.15341254125412543
94 0.5179259259259259 0.8175247524752475 0.2963703703703703 0.21393399339934002