33 0.3788240740740741 0.8633267326732673 0.16048148148148147 0.11456765676567657
64 0.5211666666666667 0.17053465346534655 0.15719444444444444 0.16804620462046205
10 0.6671018518518519 0.4132673267326733 0.12587037037037035 0.12413861386138614
33 0.6898796296296297 0.1869042904290429 0.1231388888888889 0.12946534653465347
33 0.48124074074074075 0.6275379537953796 0.13533333333333333 0.13999999999999999
73 0.20378703703703704 0.17755115511551156 0.11646296296296296 0.11831683168316831
64 0.4154722222222222 0.4258943894389439 0.16491666666666668 0.14666666666666667
68 0.20894444444444443 0.41464686468646866 0.11232407407407408 0.1397887788778878
105 0.7734722222222222 0.6113729372937294 0.14606481481481481 0.1962046204620462
64 0.6704074074074073 0.8611749174917492 0.13232407407407407 0.17107590759075908
109 0.2541851851851852 0.620924092409241 0.15583333333333335 0.17078547854785478
0 0.6191388888888889 0.5878547854785479 0.12612962962962962 0.17254785478547857