10 0.41233333333333333 0.8627128712871287 0.15714814814814815 0.1506864686468647
10 0.5718240740740741 0.17644884488448845 0.12935185185185183 0.1631881188118812
9 0.316212962962963 0.16722772277227724 0.20657407407407408 0.1292079207920792
10 0.5898796296296297 0.40590759075907595 0.12598148148148147 0.15483168316831683
64 0.19743518518518519 0.4067194719471947 0.15868518518518518 0.1528118811881188
9 0.36224074074074075 0.6594917491749175 0.14724074074074076 0.10735313531353134
73 0.7545740740740742 0.1802112211221122 0.17714814814814814 0.14742574257425742
64 0.6172037037037037 0.6578679867986799 0.17175 0.11056105610561057
9 0.4239537037037037 0.4108448844884488 0.15707407407407406 0.1449042904290429
64 0.8037962962962963 0.8648976897689769 0.2092037037037037 0.1333201320132013
73 0.5827592592592593 0.8697359735973598 0.11862962962962964 0.14235643564356434
73 0.7663981481481482 0.4113663366336634 0.14078703703703704 0.14346534653465345
9 0.8028796296296297 0.6597161716171618 0.13672222222222222 0.10723432343234324
9 0.23749074074074075 0.8703828382838285 0.18844444444444444 0.13977557755775577
64 0.18725925925925926 0.6546468646864686 0.17355555555555555 0.11800000000000001
97 0.8289722222222222 0.17491749174917492 0.06551851851851852 0.11308250825082508
97 0.8252592592592592 0.41305610561056105 0.05812037037037037 0.10063366336633664
97 0.5494537037037037 0.8742904290429042 0.09962962962962962 0.07348514851485148