33 0.621175925925926 0.8633267326732673 0.16048148148148142 0.11456765676567668
64 0.47883333333333333 0.17053465346534655 0.15719444444444441 0.16804620462046208
10 0.3328981481481481 0.4132673267326733 0.1258703703703704 0.1241386138613861
33 0.3101203703703703 0.1869042904290429 0.1231388888888889 0.12946534653465347
33 0.5187592592592593 0.6275379537953796 0.13533333333333336 0.13999999999999993
73 0.796212962962963 0.17755115511551156 0.11646296296296293 0.11831683168316831
64 0.5845277777777778 0.4258943894389439 0.1649166666666668 0.1466666666666667
68 0.7910555555555556 0.41464686468646866 0.11232407407407402 0.13978877887788776
105 0.22652777777777774 0.6113729372937294 0.14606481481481481 0.1962046204620462
64 0.3295925925925926 0.8611749174917492 0.13232407407407404 0.17107590759075897
109 0.7458148148148148 0.620924092409241 0.1558333333333333 0.17078547854785486
0 0.38086111111111115 0.5878547854785479 0.12612962962962965 0.1725478547854786