33 0.6264814814814815 0.19143234323432343 0.11677777777777779 0.12226402640264025
64 0.3558888888888889 0.16817161716171616 0.13870370370370372 0.1598745874587459
64 0.7884074074074074 0.1751419141914191 0.14374074074074075 0.15279867986798681
33 0.3334537037037037 0.8724686468646864 0.14787037037037035 0.13054785478547856
33 0.19762037037037036 0.19174917491749174 0.14940740740740743 0.11980858085808581
64 0.14092592592592593 0.4086138613861386 0.13333333333333333 0.1598019801980198
64 0.7021574074074074 0.8611353135313531 0.17855555555555555 0.1529108910891089
33 0.2627962962962963 0.4472871287128713 0.14308333333333334 0.08221782178217822
33 0.34403703703703703 0.6546204620462046 0.18106481481481482 0.13504290429042903
64 0.7329351851851852 0.6363234323432343 0.17404629629629628 0.16285808580858085
49 0.23721296296296296 0.9391551155115511 0.04400925925925926 0.023214521452145215