10 0.5963333333333333 0.8903036303630363 0.11660185185185191 0.12695709570957106
10 0.8128148148148149 0.6696765676567656 0.15020370370370373 0.10071947194719474
61 0.8084537037037037 0.8435973597359736 0.16019444444444444 0.21766996699669966
61 0.1476296296296297 0.17654125412541252 0.13297222222222224 0.16013861386138614
10 0.25613888888888886 0.6578811881188119 0.18485185185185185 0.1287920792079207
10 0.4689814814814815 0.38426402640264024 0.175 0.08778877887788779
10 0.1587592592592593 0.9146600660066007 0.13099074074074077 0.08166996699669968
61 0.6306203703703703 0.15174257425742574 0.1838888888888888 0.21019801980198022
61 0.5452870370370371 0.6077095709570957 0.1793333333333334 0.2185016501650165
10 0.8151296296296296 0.4191155115511551 0.22320370370370365 0.13801980198019795
10 0.399962962962963 0.2091881188118812 0.14841666666666664 0.0952739273927393
10 0.7969074074074074 0.20165016501650165 0.22333333333333338 0.1106798679867987
61 0.38325925925925924 0.8732277227722772 0.18082407407407405 0.16530033003300318