10 0.30383333333333334 0.17982838283828384 0.13237962962962962 0.16026402640264026
10 0.2929537037037037 0.6385346534653465 0.1920185185185185 0.1735313531353135
10 0.17478703703703705 0.42427062706270624 0.1648148148148148 0.13403960396039605
9 0.5215555555555556 0.1834851485148515 0.1737314814814815 0.14453465346534652
9 0.36860185185185185 0.43001320132013204 0.15158333333333335 0.12224422442244223
10 0.6061574074074074 0.423993399339934 0.16552777777777777 0.13382838283828383
9 0.8015740740740741 0.43133333333333335 0.1520648148148148 0.11978877887788779
73 0.7515185185185185 0.18357095709570959 0.11221296296296296 0.14555115511551153
73 0.6843703703703704 0.6451551155115511 0.1957037037037037 0.155009900990099
9 0.4686388888888889 0.8872475247524753 0.19337962962962962 0.13063366336633664
9 0.49236111111111114 0.6422244224422442 0.20332407407407407 0.1586930693069307
10 0.27278703703703705 0.8810957095709571 0.19702777777777777 0.14091749174917492
97 0.6949074074074074 0.19644884488448844 0.09694444444444444 0.09224422442244225
97 0.7519722222222223 0.5902046204620461 0.08139814814814815 0.10708250825082508
97 0.7663240740740741 0.895993399339934 0.050898148148148144 0.0755973597359736
73 0.7127037037037037 0.8734785478547854 0.11934259259259258 0.11445544554455446