33 0.37351851851851847 0.19143234323432343 0.11677777777777779 0.12226402640264028
64 0.6441111111111111 0.16817161716171616 0.13870370370370366 0.15987458745874586
64 0.21159259259259258 0.1751419141914191 0.14374074074074075 0.15279867986798681
33 0.6665462962962962 0.8724686468646864 0.1478703703703704 0.13054785478547867
33 0.8023796296296296 0.19174917491749174 0.14940740740740752 0.11980858085808581
64 0.859074074074074 0.4086138613861386 0.13333333333333333 0.15980198019801978
64 0.29784259259259255 0.8611353135313531 0.17855555555555558 0.15291089108910882
33 0.7372037037037038 0.4472871287128713 0.1430833333333333 0.08221782178217818
33 0.655962962962963 0.6546204620462046 0.18106481481481476 0.13504290429042906
64 0.26706481481481475 0.6363234323432343 0.1740462962962963 0.16285808580858088
49 0.762787037037037 0.9391551155115511 0.044009259259259234 0.023214521452145264