10 0.4036666666666667 0.8903036303630363 0.11660185185185186 0.12695709570957095
10 0.18718518518518518 0.6696765676567656 0.1502037037037037 0.10071947194719472
61 0.1915462962962963 0.8435973597359736 0.16019444444444444 0.21766996699669966
61 0.8523703703703703 0.17654125412541252 0.13297222222222224 0.16013861386138614
10 0.7438611111111111 0.6578811881188119 0.18485185185185185 0.1287920792079208
10 0.5310185185185186 0.38426402640264024 0.175 0.08778877887788779
10 0.8412407407407407 0.9146600660066007 0.13099074074074074 0.08166996699669968
61 0.3693796296296296 0.15174257425742574 0.18388888888888888 0.2101980198019802
61 0.45471296296296293 0.6077095709570957 0.17933333333333334 0.2185016501650165
10 0.18487037037037038 0.4191155115511551 0.2232037037037037 0.138019801980198
10 0.600037037037037 0.2091881188118812 0.14841666666666667 0.09527392739273928
10 0.2030925925925926 0.20165016501650165 0.22333333333333333 0.11067986798679869
61 0.6167407407407408 0.8732277227722772 0.18082407407407405 0.16530033003300332