10 0.6961666666666667 0.17982838283828384 0.13237962962962965 0.16026402640264029
10 0.7070462962962963 0.6385346534653465 0.19201851851851842 0.17353135313531345
10 0.825212962962963 0.42427062706270624 0.1648148148148148 0.134039603960396
9 0.47844444444444445 0.1834851485148515 0.17373148148148154 0.14453465346534655
9 0.6313981481481482 0.43001320132013204 0.15158333333333338 0.12224422442244227
10 0.39384259259259263 0.423993399339934 0.16552777777777777 0.13382838283828383
9 0.1984259259259259 0.43133333333333335 0.15206481481481482 0.1197887788778878
73 0.2484814814814815 0.18357095709570959 0.11221296296296299 0.14555115511551153
73 0.31562962962962965 0.6451551155115511 0.1957037037037037 0.15500990099009895
9 0.5313611111111111 0.8872475247524753 0.1933796296296296 0.13063366336633653
9 0.5076388888888889 0.6422244224422442 0.20332407407407405 0.15869306930693075
10 0.727212962962963 0.8810957095709571 0.19702777777777775 0.14091749174917506
97 0.3050925925925926 0.19644884488448844 0.09694444444444449 0.09224422442244225
97 0.2480277777777778 0.5902046204620461 0.08139814814814812 0.10708250825082509
97 0.23367592592592593 0.895993399339934 0.05089814814814817 0.07559735973597373
73 0.28729629629629627 0.8734785478547854 0.11934259259259258 0.11445544554455452