10 0.14658333333333334 0.1768976897689769 0.13137962962962962 0.11221122112211221
10 0.5530092592592593 0.19867986798679868 0.12387962962962962 0.08976897689768977
10 0.2734166666666667 0.3914191419141914 0.17394444444444446 0.1306930693069307
10 0.25628703703703704 0.9066006600660066 0.13043518518518518 0.09702970297029703
10 0.5780092592592593 0.9122112211221122 0.13127777777777777 0.0858085808580858
69 0.38266666666666665 0.2151815181518152 0.13317592592592595 0.07788778877887789
69 0.5044074074074074 0.44734653465346536 0.10815740740740741 0.08087788778877888
69 0.30905555555555553 0.6780396039603961 0.15449074074074073 0.08813861386138613
73 0.7388888888888889 0.1594059405940594 0.10673148148148148 0.0891089108910891
73 0.7705833333333334 0.8801980198019802 0.22939814814814816 0.12343234323432344
64 0.8343240740740742 0.16468646864686468 0.11905555555555557 0.07722772277227723
64 0.7685092592592593 0.3858811881188119 0.13031481481481483 0.10480528052805281
64 0.740074074074074 0.638943894389439 0.1274814814814815 0.11221122112211221
73 0.6627314814814815 0.38283828382838286 0.11062037037037037 0.10165016501650165
73 0.6310833333333333 0.635102310231023 0.1300277777777778 0.1164026402640264