28 0.17307407407407405 0.8537161716171617 0.2176666666666667 0.2078679867986799
37 0.8116111111111111 0.1608184818481848 0.1690925925925925 0.15841584158415842
37 0.6943703703703704 0.8576831683168318 0.19717592592592598 0.19444224422442238
37 0.8136574074074074 0.8631353135313532 0.13135185185185197 0.18651485148514862
37 0.472 0.8617557755775577 0.12974074074074068 0.18098349834983501
37 0.41826851851851854 0.8543300330033003 0.19326851851851853 0.20130693069306932
41 0.15181481481481485 0.8698481848184818 0.07296296296296298 0.051960396039603826
20 0.38891666666666663 0.11651485148514851 0.3843055555555555 0.14720132013201317
20 0.615537037037037 0.39596699669966995 0.24798148148148141 0.18934653465346532
45 0.27629629629629626 0.4042046204620462 0.1673981481481481 0.17376897689768978
45 0.2637777777777778 0.19966996699669967 0.20125925925925928 0.11970957095709572
82 0.7796388888888889 0.41675907590759076 0.08594444444444438 0.10413861386138612
75 0.8532777777777777 0.4004092409240924 0.10019444444444447 0.14967656765676568