28 0.826925925925926 0.8537161716171617 0.21766666666666667 0.20786798679867988
37 0.18838888888888888 0.1608184818481848 0.1690925925925926 0.15841584158415842
37 0.30562962962962964 0.8576831683168318 0.19717592592592592 0.19444224422442244
37 0.1863425925925926 0.8631353135313532 0.13135185185185186 0.18651485148514851
37 0.528 0.8617557755775577 0.12974074074074074 0.180983498349835
37 0.5817314814814815 0.8543300330033003 0.1932685185185185 0.20130693069306932
41 0.8481851851851852 0.8698481848184818 0.07296296296296297 0.05196039603960396
20 0.6110833333333333 0.11651485148514852 0.38430555555555557 0.1472013201320132
20 0.384462962962963 0.39596699669966995 0.24798148148148147 0.18934653465346535
45 0.7237037037037037 0.4042046204620462 0.16739814814814813 0.17376897689768978
45 0.7362222222222222 0.19966996699669967 0.20125925925925928 0.11970957095709572
82 0.22036111111111112 0.41675907590759076 0.08594444444444443 0.10413861386138615
75 0.14672222222222223 0.4004092409240924 0.10019444444444443 0.14967656765676568