73 0.307537037037037 0.16273267326732674 0.19780555555555554 0.14673927392739275
73 0.22990740740740737 0.36658745874587456 0.1935185185185185 0.09444224422442243
73 0.6005925925925926 0.6461056105610562 0.20998148148148146 0.14064686468646867
73 0.2633796296296297 0.643056105610561 0.2035 0.15181518151815182
73 0.6803888888888888 0.865953795379538 0.16023148148148145 0.16298349834983503
10 0.3648611111111111 0.8690033003300329 0.13301851851851848 0.1447062706270627
10 0.8192222222222222 0.8697623762376238 0.19722222222222222 0.1594323432343234
10 0.8174444444444445 0.6326468646864687 0.18653703703703708 0.15536633663366345
10 0.37162962962962964 0.4095445544554456 0.13230555555555554 0.08996039603960394
10 0.7248611111111112 0.4188910891089109 0.20218518518518508 0.11068646864686472
73 0.25451851851851853 0.8778877887788779 0.14915740740740743 0.14927392739273934