28 0.34975925925925927 0.15786138613861386 0.21587962962962964 0.2016765676567657
41 0.3757037037037037 0.17297689768976898 0.07018518518518518 0.05474587458745874
41 0.6254351851851853 0.14926072607260726 0.12365740740740742 0.10017161716171616
28 0.35230555555555554 0.38963696369636963 0.1590462962962963 0.20088448844884488
28 0.6968796296296296 0.4025016501650165 0.3852407407407407 0.1903102310231023
28 0.20137037037037037 0.6293135313531353 0.14475000000000002 0.1895907590759076
20 0.35108333333333336 0.6464290429042905 0.2157962962962963 0.17268646864686468
40 0.8000185185185185 0.6213069306930693 0.20569444444444446 0.20994719471947193
95 0.15443518518518518 0.8568184818481848 0.11613888888888889 0.12846204620462046
95 0.31145370370370373 0.8616369636963697 0.14946296296296296 0.11271947194719473
40 0.6223425925925926 0.8408250825082507 0.19430555555555554 0.21325412541254124
18 0.8043055555555555 0.8750957095709571 0.09670370370370371 0.11728712871287128
28 0.7543981481481481 0.15986798679867986 0.2059074074074074 0.1971815181518152