28 0.6502407407407408 0.15786138613861386 0.21587962962962973 0.2016765676567657
41 0.6242962962962963 0.17297689768976898 0.07018518518518514 0.05474587458745873
41 0.3745648148148148 0.14926072607260726 0.12365740740740737 0.10017161716171616
28 0.6476944444444445 0.38963696369636963 0.15904629629629627 0.20088448844884482
28 0.3031203703703704 0.4025016501650165 0.3852407407407407 0.19031023102310227
28 0.7986296296296296 0.6293135313531354 0.14474999999999993 0.18959075907590767
20 0.6489166666666666 0.6464290429042905 0.21579629629629624 0.17268646864686477
40 0.1999814814814815 0.6213069306930693 0.20569444444444443 0.20994719471947199
95 0.8455648148148148 0.8568184818481848 0.11613888888888894 0.1284620462046204
95 0.6885462962962963 0.8616369636963697 0.14946296296296302 0.11271947194719471
40 0.3776574074074074 0.8408250825082507 0.19430555555555554 0.2132541254125412
18 0.19569444444444448 0.8750957095709571 0.09670370370370372 0.11728712871287132
28 0.24560185185185185 0.15986798679867986 0.2059074074074074 0.1971815181518152