73 0.692462962962963 0.16273267326732674 0.19780555555555554 0.14673927392739275
73 0.7700925925925927 0.36658745874587456 0.1935185185185185 0.09444224422442245
73 0.39940740740740743 0.6461056105610561 0.2099814814814815 0.14064686468646864
73 0.7366203703703703 0.643056105610561 0.20350000000000001 0.15181518151815182
73 0.3196111111111111 0.865953795379538 0.1602314814814815 0.16298349834983497
10 0.6351388888888889 0.8690033003300329 0.1330185185185185 0.1447062706270627
10 0.1807777777777778 0.8697623762376238 0.19722222222222222 0.15943234323432343
10 0.18255555555555555 0.6326468646864687 0.18653703703703706 0.15536633663366337
10 0.6283703703703704 0.4095445544554456 0.13230555555555554 0.08996039603960396
10 0.2751388888888889 0.4188910891089109 0.2021851851851852 0.11068646864686468
73 0.7454814814814815 0.8778877887788779 0.1491574074074074 0.1492739273927393