10 0.40957407407407403 0.1821122112211221 0.16060185185185183 0.1471023102310231
10 0.8013888888888889 0.17005280528052805 0.13273148148148148 0.1712013201320132
10 0.3691574074074074 0.4038217821782178 0.12968518518518518 0.16831683168316833
10 0.7964722222222222 0.4213201320132013 0.2063796296296296 0.13555115511551155
10 0.5988703703703704 0.6388514851485149 0.14799074074074076 0.16596039603960397
10 0.17906481481481482 0.817069306930693 0.16866666666666666 0.16218481848184818
73 0.2043148148148148 0.1908910891089109 0.22743518518518518 0.1294191419141914
73 0.6192037037037037 0.17362376237623764 0.1255 0.15747194719471946
73 0.18464814814814814 0.40882508250825084 0.15419444444444444 0.15452805280528054
73 0.6173981481481481 0.42477227722772276 0.16314814814814813 0.12818481848184818
73 0.34394444444444444 0.6473333333333333 0.1475462962962963 0.1537029702970297
73 0.4054814814814815 0.8787722772277227 0.12893518518518518 0.1531155115511551
73 0.7951481481481482 0.8916831683168317 0.16687037037037036 0.1273003300330033