10 0.590425925925926 0.1821122112211221 0.16060185185185188 0.1471023102310231
10 0.1986111111111111 0.17005280528052805 0.1327314814814815 0.1712013201320132
10 0.6308425925925926 0.4038217821782178 0.12968518518518513 0.16831683168316833
10 0.20352777777777772 0.4213201320132013 0.2063796296296296 0.13555115511551163
10 0.40112962962962967 0.6388514851485149 0.14799074074074073 0.165960396039604
10 0.8209351851851852 0.817069306930693 0.16866666666666674 0.1621848184818482
73 0.7956851851851852 0.1908910891089109 0.22743518518518507 0.12941914191419143
73 0.3807962962962963 0.17362376237623764 0.12549999999999997 0.1574719471947195
73 0.8153518518518519 0.40882508250825084 0.1541944444444444 0.1545280528052805
73 0.38260185185185186 0.42477227722772276 0.16314814814814818 0.1281848184818482
73 0.6560555555555555 0.6473333333333333 0.1475462962962962 0.15370297029702978
73 0.5945185185185184 0.8787722772277227 0.12893518518518518 0.153115511551155
73 0.20485185185185187 0.8916831683168317 0.1668703703703704 0.1273003300330034