37 0.8646203703703703 0.17881848184818483 0.11032407407407416 0.15361716171617162
37 0.40255555555555556 0.18601980198019802 0.1525092592592593 0.1632145214521452
37 0.8477870370370371 0.42273927392739274 0.14903703703703708 0.13621122112211229
37 0.42654629629629626 0.414039603960396 0.10116666666666665 0.15481848184818478
37 0.614648148148148 0.6160528052805281 0.19117592592592594 0.22724752475247523
37 0.839787037037037 0.882990099009901 0.15998148148148145 0.14821782178217835
37 0.3573333333333333 0.8811881188118812 0.3742407407407408 0.1506138613861385
37 0.6129907407407407 0.17701650165016503 0.23469444444444448 0.1572145214521452
37 0.14502777777777778 0.17881848184818483 0.1335833333333333 0.15601320132013202
37 0.6081759259259258 0.4176039603960396 0.2010277777777779 0.14641584158415838
37 0.18669444444444444 0.41704290429042906 0.18830555555555556 0.16561716171617163
37 0.3285092592592592 0.6216633663366337 0.1639259259259259 0.23042244224422437
37 0.6289814814814815 0.8781848184818483 0.1892499999999999 0.1554125412541253