37 0.13537962962962963 0.17881848184818483 0.11032407407407407 0.15361716171617162
37 0.5974444444444444 0.18601980198019802 0.15250925925925926 0.1632145214521452
37 0.15221296296296294 0.42273927392739274 0.14903703703703705 0.13621122112211223
37 0.5734537037037037 0.414039603960396 0.10116666666666667 0.15481848184818484
37 0.38535185185185183 0.6160528052805281 0.19117592592592592 0.22724752475247523
37 0.16021296296296297 0.882990099009901 0.15998148148148147 0.14821782178217824
37 0.6426666666666667 0.8811881188118812 0.37424074074074076 0.1506138613861386
37 0.3870092592592593 0.17701650165016503 0.23469444444444446 0.1572145214521452
37 0.8549722222222222 0.17881848184818483 0.13358333333333333 0.15601320132013202
37 0.3918240740740741 0.4176039603960396 0.20102777777777778 0.1464158415841584
37 0.8133055555555556 0.41704290429042906 0.18830555555555556 0.1656171617161716
37 0.6714907407407408 0.6216633663366337 0.16392592592592592 0.2304224422442244
37 0.3710185185185185 0.8781848184818483 0.18924999999999997 0.1554125412541254