73 0.3917407407407407 0.1893861386138614 0.17621296296296296 0.130996699669967
73 0.7497777777777778 0.1700924092409241 0.20284259259259257 0.16758415841584157
73 0.31787037037037036 0.4036567656765676 0.13380555555555554 0.16146534653465347
73 0.7440833333333333 0.40260066006600664 0.15937962962962962 0.17114851485148516
73 0.7549537037037037 0.5711089108910892 0.12413888888888888 0.08408580858085808
73 0.39748148148148144 0.8871023102310232 0.14019444444444445 0.12301650165016502
73 0.8112314814814815 0.8328184818481849 0.12199074074074075 0.08608580858085808
10 0.34275 0.6385676567656765 0.23928703703703705 0.157003300330033
10 0.18410185185185185 0.885940594059406 0.20962962962962964 0.139993399339934
10 0.5925185185185184 0.8709108910891089 0.17559259259259258 0.16886468646864689
97 0.2493333333333333 0.6774521452145214 0.11780555555555557 0.09065346534653465
97 0.2864351851851852 0.9134653465346535 0.06991666666666667 0.08435643564356435
97 0.6799999999999999 0.8932409240924092 0.08064814814814815 0.11604620462046204