73 0.6082592592592593 0.1893861386138614 0.1762129629629629 0.13099669966996702
73 0.25022222222222223 0.1700924092409241 0.20284259259259255 0.16758415841584157
73 0.6821296296296296 0.4036567656765676 0.13380555555555554 0.16146534653465344
73 0.2559166666666667 0.40260066006600664 0.15937962962962962 0.17114851485148513
73 0.24504629629629626 0.5711089108910892 0.12413888888888885 0.08408580858085815
73 0.6025185185185186 0.8871023102310232 0.1401944444444445 0.12301650165016495
73 0.18876851851851853 0.8328184818481849 0.12199074074074075 0.08608580858085814
10 0.6572499999999999 0.6385676567656765 0.2392870370370371 0.15700330033003293
10 0.8158981481481481 0.885940594059406 0.20962962962962972 0.1399933993399341
10 0.4074814814814815 0.8709108910891089 0.17559259259259263 0.16886468646864683
97 0.7506666666666667 0.6774521452145214 0.11780555555555557 0.09065346534653468
97 0.7135648148148148 0.9134653465346535 0.06991666666666665 0.08435643564356447
97 0.32 0.8932409240924092 0.08064814814814816 0.11604620462046202