10 0.24201851851851852 0.17669306930693068 0.20147222222222222 0.19192739273927392
10 0.5126481481481481 0.18532673267326732 0.1501388888888889 0.17263366336633665
10 0.39549999999999996 0.4175577557755776 0.12381481481481481 0.13467326732673268
10 0.6183981481481482 0.42456105610561057 0.2718888888888889 0.12067326732673267
10 0.4058148148148148 0.6323960396039604 0.1900462962962963 0.11424422442244225
10 0.7351944444444445 0.6511815181518151 0.23625925925925925 0.13658085808580858
10 0.30825 0.8723036303630363 0.24419444444444446 0.16552475247524753
10 0.7686666666666666 0.8555445544554456 0.23625000000000002 0.20207920792079206
5 0.7145462962962963 0.16324092409240923 0.1565 0.16907590759075905
5 0.23952777777777778 0.424983498349835 0.14378703703703702 0.13404620462046204
5 0.8366851851851852 0.4244752475247525 0.15433333333333335 0.12084488448844885
5 0.2010648148148148 0.6356963696369637 0.21928703703703706 0.1716171617161716