73 0.7175740740740741 0.3528382838283828 0.30759259259259264 0.2604290429042904
9 0.4637407407407408 0.2598283828382838 0.21570370370370373 0.14641584158415838
9 0.8191018518518518 0.6646996699669967 0.2078240740740741 0.12568316831683166
9 0.40067592592592594 0.6530957095709571 0.14203703703703702 0.15287788778877895
9 0.848925925925926 0.88206600660066 0.14902777777777781 0.15246864686468634
9 0.3958333333333333 0.886924092409241 0.15436111111111114 0.13687128712871297
10 0.24130555555555558 0.25015841584158416 0.18125925925925926 0.18145874587458752
10 0.5957037037037037 0.6441452145214521 0.1658981481481482 0.1641452145214522
10 0.16121296296296297 0.6412805280528052 0.1904074074074074 0.16442244224422436
10 0.615 0.876112211221122 0.20734259259259266 0.16141914191419154
10 0.176462962962963 0.8769108910891089 0.260537037037037 0.15630363036303643