73 0.2824259259259259 0.3528382838283828 0.3075925925925926 0.2604290429042904
9 0.5362592592592592 0.2598283828382838 0.2157037037037037 0.1464158415841584
9 0.18089814814814814 0.6646996699669967 0.20782407407407405 0.12568316831683168
9 0.5993240740740741 0.6530957095709571 0.14203703703703704 0.1528778877887789
9 0.15107407407407408 0.88206600660066 0.14902777777777776 0.15246864686468647
9 0.6041666666666666 0.886924092409241 0.15436111111111112 0.13687128712871288
10 0.7586944444444444 0.25015841584158416 0.18125925925925926 0.18145874587458746
10 0.40429629629629626 0.6441452145214521 0.16589814814814813 0.16414521452145214
10 0.838787037037037 0.6412805280528052 0.1904074074074074 0.16442244224422442
10 0.385 0.876112211221122 0.2073425925925926 0.16141914191419143
10 0.823537037037037 0.8769108910891089 0.260537037037037 0.15630363036303632