10 0.6941851851851852 0.1716171617161716 0.222074074074074 0.17293729372937294
10 0.2933148148148148 0.1768976897689769 0.33122222222222225 0.15973597359735975
10 0.5803148148148148 0.4 0.2387129629629629 0.16633663366336635
10 0.8299814814814814 0.6561188118811881 0.17100000000000007 0.13198019801980193
10 0.6775185185185185 0.8818481848184818 0.2035555555555555 0.14521452145214522
9 0.7913888888888889 0.40594059405940597 0.17765740740740732 0.16765676567656765
9 0.22298148148148153 0.4162112211221122 0.281287037037037 0.14579537953795388
9 0.6843425925925926 0.6556237623762377 0.2070092592592592 0.13231683168316835
9 0.42268518518518516 0.638943894389439 0.1669259259259259 0.16501650165016502
9 0.8497129629629631 0.8678217821782178 0.12582407407407395 0.16732673267326734
9 0.2771018518518518 0.9 0.2192037037037037 0.11155115511551156
5 0.1465648148148148 0.6346534653465347 0.15436111111111114 0.16963696369636963
5 0.5300833333333334 0.8683168316831683 0.1956481481481481 0.16963696369636963
10 0.38180555555555556 0.42619801980198024 0.134212962962963 0.1258151815181519
10 0.2726111111111111 0.6374587458745875 0.13059259259259257 0.16666666666666666