10 0.3058148148148148 0.1716171617161716 0.2220740740740741 0.17293729372937294
10 0.7066851851851852 0.1768976897689769 0.33122222222222225 0.15973597359735975
10 0.41968518518518516 0.4 0.23871296296296296 0.16633663366336635
10 0.1700185185185185 0.6561188118811881 0.171 0.131980198019802
10 0.3224814814814815 0.8818481848184818 0.20355555555555555 0.14521452145214522
9 0.2086111111111111 0.40594059405940597 0.1776574074074074 0.16765676567656765
9 0.7770185185185184 0.4162112211221122 0.28128703703703706 0.1457953795379538
9 0.31565740740740744 0.6556237623762377 0.20700925925925925 0.13231683168316832
9 0.5773148148148148 0.638943894389439 0.16692592592592592 0.16501650165016502
9 0.15028703703703705 0.8678217821782178 0.12582407407407406 0.16732673267326734
9 0.7228981481481481 0.9 0.2192037037037037 0.11155115511551156
5 0.8534351851851852 0.6346534653465347 0.15436111111111112 0.16963696369636963
5 0.46991666666666665 0.8683168316831683 0.19564814814814815 0.16963696369636963
10 0.6181944444444444 0.42619801980198024 0.13421296296296295 0.12581518151815183
10 0.727388888888889 0.6374587458745875 0.1305925925925926 0.16666666666666666