10 0.6126388888888888 0.17626402640264027 0.19499074074074066 0.17227062706270627
10 0.19374074074074074 0.18376237623762376 0.1932592592592593 0.1443894389438944
10 0.48004629629629636 0.36025742574257424 0.18607407407407411 0.17724752475247524
10 0.1699629629629629 0.6266534653465348 0.1661851851851852 0.16831683168316838
10 0.596462962962963 0.86993399339934 0.15432407407407414 0.17107590759075897
10 0.18718518518518515 0.8681122112211221 0.1951018518518519 0.1763234323432344
9 0.8133518518518518 0.1822244224422442 0.20166666666666663 0.15703630363036303
9 0.3981388888888889 0.19242244224422442 0.1444351851851852 0.12706270627062707
9 0.6500462962962963 0.3688316831683168 0.1521851851851853 0.16669966996699667
9 0.8364907407407407 0.8757491749174917 0.14584259259259258 0.16036303630363025
9 0.3931944444444444 0.8814389438943895 0.16663888888888892 0.1481980198019802
9 0.3308518518518519 0.6284290429042905 0.16249074074074074 0.15536633663366328
73 0.22164814814814815 0.3929438943894389 0.2022222222222222 0.19269306930693073
73 0.77825 0.6244950495049504 0.18346296296296286 0.18780198019801972