10 0.38736111111111116 0.17626402640264027 0.19499074074074074 0.17227062706270627
10 0.8062592592592592 0.18376237623762376 0.19325925925925927 0.1443894389438944
10 0.5199537037037036 0.36025742574257424 0.1860740740740741 0.17724752475247524
10 0.8300370370370371 0.6266534653465347 0.16618518518518519 0.16831683168316833
10 0.403537037037037 0.86993399339934 0.15432407407407406 0.17107590759075908
10 0.8128148148148149 0.8681122112211221 0.19510185185185186 0.17632343234323433
9 0.18664814814814815 0.1822244224422442 0.2016666666666667 0.15703630363036303
9 0.6018611111111111 0.19242244224422442 0.1444351851851852 0.12706270627062707
9 0.3499537037037037 0.3688316831683168 0.1521851851851852 0.1666996699669967
9 0.16350925925925927 0.8757491749174917 0.14584259259259258 0.16036303630363036
9 0.6068055555555556 0.8814389438943895 0.1666388888888889 0.14819801980198022
9 0.669148148148148 0.6284290429042905 0.16249074074074074 0.15536633663366337
73 0.7783518518518519 0.3929438943894389 0.20222222222222222 0.1926930693069307
73 0.22175 0.6244950495049505 0.18346296296296294 0.1878019801980198