109 0.1615185185185185 0.19334653465346535 0.15436111111111112 0.13146534653465344
10 0.40761111111111115 0.19471947194719472 0.18196296296296297 0.1298151815181518
10 0.7544074074074074 0.20324752475247526 0.23974074074074075 0.11275907590759077
10 0.38293518518518516 0.4122640264026403 0.12178703703703704 0.14796699669966995
10 0.8265462962962963 0.4141914191419142 0.1324814814814815 0.13861386138613863
10 0.37598148148148147 0.6311881188118812 0.15574074074074074 0.17326732673267325
10 0.8253888888888888 0.6265148514851485 0.13942592592592593 0.1771155115511551
10 0.24365740740740738 0.8748646864686469 0.2985 0.16226402640264026
10 0.5923981481481481 0.8679867986798679 0.16262962962962962 0.1716171617161716
36 0.18888888888888888 0.4023630363036304 0.18741666666666668 0.16666666666666666
113 0.633287037037037 0.3732145214521452 0.17804629629629629 0.21947194719471946
18 0.18966666666666668 0.6322904290429042 0.12106481481481482 0.17216501650165014
78 0.6143796296296296 0.6408118811881188 0.18653703703703706 0.1529174917491749
5 0.8107314814814816 0.8685346534653465 0.18726851851851853 0.17271947194719472