73 0.23228703703703704 0.17233663366336632 0.1745925925925926 0.16248184818481848
73 0.1609537037037037 0.4256567656765677 0.1555740740740741 0.12423102310231024
10 0.456712962962963 0.6339075907590759 0.15900925925925924 0.17415181518151812
9 0.2573240740740741 0.8613861386138614 0.1950648148148148 0.15588118811881188
9 0.5707962962962964 0.17172277227722774 0.1861574074074074 0.16365016501650165
9 0.37830555555555556 0.4235643564356436 0.15725925925925927 0.12845544554455446
9 0.2023148148148148 0.6388184818481848 0.2073611111111111 0.16435643564356436
10 0.496287037037037 0.8594455445544554 0.19239814814814815 0.16686468646864688
10 0.7882592592592593 0.16604620462046205 0.207 0.174983498349835
10 0.5374814814814814 0.4155247524752475 0.15871296296296297 0.14419801980198022
73 0.6834814814814815 0.6394257425742574 0.23283333333333334 0.1563894389438944
73 0.6891481481481482 0.8601188118811881 0.20153703703703704 0.1611221122112211
73 0.772537037037037 0.40449504950495047 0.21024074074074076 0.16685148514851486