73 0.767712962962963 0.17233663366336632 0.17459259259259255 0.16248184818481845
73 0.8390462962962962 0.4256567656765677 0.15557407407407406 0.12423102310231025
10 0.5432870370370371 0.6339075907590759 0.15900925925925927 0.1741518151815181
9 0.7426759259259258 0.8613861386138614 0.19506481481481489 0.1558811881188118
9 0.42920370370370364 0.17172277227722774 0.18615740740740735 0.16365016501650165
9 0.6216944444444445 0.4235643564356436 0.15725925925925918 0.12845544554455454
9 0.7976851851851852 0.6388184818481848 0.20736111111111116 0.16435643564356436
10 0.503712962962963 0.8594455445544554 0.19239814814814812 0.166864686468647
10 0.2117407407407407 0.16604620462046205 0.207 0.174983498349835
10 0.4625185185185185 0.4155247524752475 0.15871296296296297 0.14419801980198022
73 0.31651851851851853 0.6394257425742574 0.23283333333333336 0.15638943894389434
73 0.3108518518518519 0.8601188118811881 0.20153703703703701 0.16112211221122105
73 0.22746296296296292 0.40449504950495047 0.21024074074074073 0.16685148514851483